## Cup 2 (No Lid) Data

Cup 2: Room Essentials Latte Coffee Mug (16oz.)		
Dimensions: 3 3/4"H x 4 1/2"Dia. x 5 3/4"at the handle;   X Grams       		
NoLid_Data		


TIME	TEMP
0	82.52
1	82.52
2	82.52
3	82.52
4	82.33
5	82.52
6	82.52
7	82.52
8	82.33
9	82.33
10	82.33
11	82.33
12	82.33
13	82.14
14	82.14
15	82.14
16	82.14
17	82.14
18	81.95
19	81.95
20	81.95
21	81.95
22	81.95
23	81.95
24	81.77
25	81.77
26	81.77
27	81.77
28	81.77
29	81.77
30	81.77
31	81.77
32	81.58
33	81.58
34	81.58
35	81.58
36	81.58
37	81.58
38	81.58
39	81.58
40	81.58
41	81.58
42	81.58
43	81.39
44	81.39
45	81.39
46	81.39
47	81.39
48	81.39
49	81.39
50	81.39
51	81.39
52	81.39
53	81.39
54	81.39
55	81.39
56	81.39
57	81.2
58	81.2
59	81.2
60	81.2
61	81.2
62	81.2
63	81.2
64	81.2
65	81.2
66	81.2
67	81.2
68	81.2
69	81.2
70	81.2
71	81.2
72	81.2
73	81.2
74	81.01
75	81.01
76	81.01
77	81.01
78	81.01
79	81.01
80	81.01
81	81.01
82	81.01
83	81.01
84	81.01
85	81.01
86	81.01
87	81.01
88	81.01
89	81.01
90	81.01
91	81.01
92	81.01
93	81.01
94	81.01
95	81.01
96	81.01
97	80.82
98	80.82
99	80.82
100	80.82
101	80.82
102	80.82
103	80.82
104	80.82
105	80.82
106	80.82
107	80.82
108	80.82
109	80.82
110	80.82
111	80.82
112	80.82
113	80.82
114	80.82
115	80.82
116	80.82
117	80.82
118	80.82
119	80.82
120	80.82
121	80.82
122	80.82
123	80.82
124	80.82
125	80.82
126	80.82
127	80.82
128	80.82
129	80.82
130	80.64
131	80.82
132	80.64
133	80.64
134	80.64
135	80.64
136	80.64
137	80.64
138	80.82
139	80.82
140	80.82
141	80.82
142	81.01
143	81.01
144	81.2
145	81.2
146	81.39
147	81.58
148	81.58
149	81.77
150	81.95
151	82.14
152	82.33
153	82.33
154	82.52
155	82.71
156	82.9
157	83.09
158	83.28
159	83.47
160	83.66
161	83.85
162	84.05
163	84.24
164	84.43
165	84.62
166	84.81
167	85
168	85.19
169	85.39
170	85.58
171	85.77
172	85.97
173	86.16
174	86.35
175	86.54
176	86.74
177	86.93
178	87.13
179	87.32
180	87.52
181	87.71
182	87.91
183	88.1
184	88.3
185	88.49
186	88.49
187	88.69
188	88.88
189	89.08
190	89.28
191	89.47
192	89.47
193	89.67
194	89.87
195	90.07
196	90.26
197	90.26
198	90.46
199	90.66
200	90.86
201	91.06
202	91.06
203	91.26
204	91.46
205	91.66
206	91.66
207	91.86
208	92.06
209	92.06
210	92.26
211	92.46
212	92.46
213	92.66
214	92.66
215	92.86
216	93.06
217	93.06
218	93.26
219	93.47
220	93.47
221	93.67
222	93.87
223	93.87
224	94.07
225	94.07
226	94.28
227	94.28
228	94.48
229	94.69
230	94.69
231	94.89
232	94.89
233	95.09
234	95.09
235	95.3
236	95.3
237	95.5
238	95.5
239	95.71
240	95.71
241	95.91
242	95.91
243	96.12
244	96.12
245	96.33
246	96.33
247	96.53
248	96.53
249	96.74
250	96.74
251	96.95
252	96.95
253	97.16
254	97.16
255	97.36
256	97.36
257	97.36
258	97.57
259	97.57
260	97.78
261	97.78
262	97.99
263	97.99
264	97.99
265	98.2
266	98.2
267	98.41
268	98.41
269	98.41
270	98.62
271	98.62
272	98.83
273	98.83
274	98.83
275	99.04
276	99.04
277	99.04
278	99.25
279	99.25
280	99.25
281	99.46
282	99.46
283	99.67
284	99.67
285	99.67
286	99.89
287	99.89
288	99.89
289	100.1
290	100.1
291	100.1
292	100.31
293	100.31
294	100.31
295	100.52
296	100.52
297	100.52
298	100.74
299	100.74
300	100.74
301	100.95
302	100.95
303	100.95
304	101.17
305	101.17
306	101.17
307	101.38
308	101.38
309	101.38
310	101.59
311	101.59
312	101.59
313	101.59
314	101.81
315	101.81
316	101.81
317	101.81
318	102.03
319	102.03
320	102.03
321	102.24
322	102.24
323	102.24
324	102.24
325	102.46
326	102.46
327	102.46
328	102.46
329	102.46
330	102.68
331	102.68
332	102.68
333	102.89
334	102.89
335	102.89
336	102.89
337	103.11
338	103.11
339	103.11
340	103.11
341	103.11
342	103.33
343	103.33
344	103.33
345	103.33
346	103.55
347	103.55
348	103.55
349	103.55
350	103.77
351	103.77
352	103.77
353	103.77
354	103.99
355	103.99
356	103.99
357	103.99
358	103.99
359	104.21
360	104.21
361	104.21
362	104.21
363	104.21
364	104.43
365	104.43
366	104.43
367	104.43
368	104.43
369	104.65
370	104.65
371	104.65
372	104.65
373	104.65
374	104.87
375	104.87
376	104.87
377	104.87
378	104.87
379	105.09
380	105.09
381	105.09
382	105.09
383	105.09
384	105.31
385	105.31
386	105.31
387	105.31
388	105.31
389	105.31
390	105.53
391	105.53
392	105.53
393	105.53
394	105.53
395	105.76
396	105.76
397	105.76
398	105.76
399	105.76
400	105.76
401	105.98
402	105.98
403	105.98
404	105.98
405	105.98
406	105.98
407	106.2
408	106.2
409	106.2
410	106.2
411	106.2
412	106.2
413	106.2
414	106.43
415	106.43
416	106.43
417	106.43
418	106.43
419	106.43
420	106.65
421	106.65
422	106.65
423	106.65
424	106.65
425	106.65
426	106.88
427	106.88
428	106.88
429	106.88
430	106.88
431	106.88
432	106.88
433	106.88
434	107.1
435	107.1
436	107.1
437	107.1
438	107.1
439	107.1
440	107.1
441	107.1
442	107.33
443	107.33
444	107.33
445	107.33
446	107.33
447	107.33
448	107.33
449	107.55
450	107.55
451	107.55
452	107.55
453	107.55
454	107.55
455	107.55
456	107.55
457	107.78
458	107.78
459	107.78
460	107.78
461	107.78
462	107.78
463	107.78
464	107.78
465	107.78
466	108.01
467	108.01
468	108.01
469	108.01
470	108.01
471	108.01
472	108.01
473	108.01
474	108.24
475	108.24
476	108.24
477	108.24
478	108.24
479	108.24
480	108.24
481	108.24
482	108.47
483	108.47
484	108.47
485	108.47
486	108.47
487	108.47
488	108.47
489	108.47
490	108.47
491	108.69
492	108.69
493	108.69
494	108.69
495	108.69
496	108.69
497	108.69
498	108.69
499	108.69
500	108.69
501	108.92
502	108.92
503	108.92
504	108.92
505	108.92
506	108.92
507	108.92
508	108.92
509	108.92
510	109.15
511	109.15
512	109.15
513	109.15
514	109.15
515	109.15
516	109.15
517	109.15
518	109.15
519	109.15
520	109.15
521	109.15
522	109.15
523	109.15
524	109.38
525	109.38
526	109.38
527	109.38
528	109.38
529	109.38
530	109.38
531	109.38
532	109.38
533	109.38
534	109.38
535	109.38
536	109.38
537	109.38
538	109.38
539	109.61
540	109.61
541	109.61
542	109.61
543	109.61
544	109.61
545	109.61
546	109.61
547	109.61
548	109.61
549	109.61
550	109.61
551	109.61
552	109.61
553	109.61
554	109.85
555	109.85
556	109.85
557	109.85
558	109.85
559	109.85
560	109.85
561	109.85
562	109.85
563	109.85
564	109.85
565	109.85
566	109.85
567	109.85
568	109.85
569	109.85
570	110.08
571	110.08
572	110.08
573	110.08
574	110.08
575	110.08
576	110.08
577	110.08
578	110.08
579	110.08
580	110.08
581	110.08
582	110.08
583	110.08
584	110.08
585	110.08
586	110.08
587	110.31
588	110.08
589	110.31
590	110.08
591	110.31
592	110.31
593	110.31
594	110.31
595	110.31
596	110.31
597	110.31
598	110.31
599	110.31
600	110.31
601	110.31
602	110.31
603	110.31
604	110.31
605	110.31
606	110.31
607	110.31
608	110.31
609	110.31
610	110.31
611	110.31
612	110.31
613	110.31
614	110.31
615	110.54
616	110.54
617	110.54
618	110.54
619	110.54
620	110.54
621	110.54
622	110.54
623	110.54
624	110.54
625	110.54
626	110.54
627	110.54
628	110.54
629	110.54
630	110.54
631	110.54
632	110.54
633	110.54
634	110.54
635	110.54
636	110.54
637	110.54
638	110.54
639	110.54
640	110.54
641	110.54
642	110.54
643	110.54
644	110.54
645	110.54
646	110.78
647	110.78
648	110.78
649	110.78
650	110.78
651	110.78
652	110.78
653	110.78
654	110.78
655	110.78
656	110.78
657	110.78
658	110.78
659	110.78
660	110.78
661	110.78
662	110.78
663	110.78
664	110.78
665	110.78
666	110.78
667	110.78
668	110.78
669	110.78
670	110.78
671	110.78
672	110.78
673	110.78
674	110.78
675	110.78
676	110.78
677	110.78
678	110.78
679	110.78
680	110.78
681	110.78
682	110.78
683	110.78
684	110.78
685	110.78
686	110.78
687	110.78
688	110.78
689	110.78
690	110.78
691	110.78
692	110.78
693	111.01
694	111.01
695	111.01
696	111.01
697	110.78
698	111.01
699	111.01
700	111.01
701	111.01
702	111.01
703	111.01
704	111.01
705	111.01
706	111.01
707	111.01
708	111.01
709	111.01
710	111.01
711	111.01
712	111.01
713	111.01
714	111.01
715	111.01
716	111.01
717	111.01
718	111.01
719	111.01
720	111.01
721	111.01
722	111.01
723	111.01
724	111.01
725	111.01
726	111.01
727	111.01
728	111.01
729	111.01
730	111.01
731	111.01
732	111.01
733	111.01
734	111.01
735	111.01
736	111.01
737	111.01
738	111.01
739	111.01
740	111.01
741	111.01
742	111.01
743	111.01
744	111.01
745	111.01
746	111.01
747	111.01
748	111.01
749	111.01
750	111.01
751	111.01
752	111.01
753	111.01
754	111.01
755	111.01
756	111.01
757	111.01
758	111.01
759	111.01
760	111.01
761	111.01
762	111.01
763	111.01
764	111.01
765	111.01
766	111.01
767	111.01
768	111.01
769	111.01
770	111.01
771	111.01
772	111.01
773	111.01
774	111.01
775	111.01
776	111.01
777	111.01
778	111.01
779	111.01
780	111.01
781	111.01
782	111.01
783	111.01
784	111.01
785	111.01
786	111.01
787	111.01
788	111.01
789	111.01
790	111.01
791	111.01
792	111.01
793	111.01
794	111.01
795	111.01
796	111.01
797	111.01
798	111.01
799	111.01
800	111.01
801	111.01
802	111.01
803	111.01
804	111.01
805	111.01
806	111.01
807	111.01
808	111.01
809	111.01
810	111.01
811	111.01
812	111.01
813	110.78
814	110.78
815	110.78
816	110.78
817	110.78
818	110.78
819	110.78
820	110.78
821	110.78
822	110.78
823	110.78
824	110.78
825	110.78
826	110.78
827	110.78
828	110.78
829	110.78
830	110.78
831	110.78
832	110.78
833	110.78
834	110.78
835	110.78
836	110.78
837	110.78
838	110.78
839	110.78
840	110.78
841	110.78
842	110.78
843	110.78
844	110.78
845	110.78
846	110.78
847	110.78
848	110.78
849	110.78
850	110.78
851	110.78
852	110.78
853	110.78
854	110.78
855	110.78
856	110.78
857	110.78
858	110.78
859	110.78
860	110.78
861	110.78
862	110.78
863	110.78
864	110.78
865	110.78
866	110.78
867	110.78
868	110.78
869	110.78
870	110.78
871	110.78
872	110.78
873	110.78
874	110.78
875	110.78
876	110.78
877	110.78
878	110.78
879	110.78
880	110.78
881	110.78
882	110.78
883	110.78
884	110.78
885	110.78
886	110.78
887	110.54
888	110.78
889	110.78
890	110.54
891	110.54
892	110.54
893	110.54
894	110.54
895	110.54
896	110.54
897	110.54
898	110.54
899	110.54
900	110.54
901	110.54
902	110.54
903	110.54
904	110.54
905	110.54
906	110.54
907	110.54
908	110.54
909	110.54
910	110.54
911	110.54
912	110.54
913	110.54
914	110.54
915	110.54
916	110.54
917	110.54
918	110.54
919	110.54
920	110.54
921	110.54
922	110.54
923	110.54
924	110.54
925	110.54
926	110.54
927	110.54
928	110.54
929	110.54
930	110.31
931	110.54
932	110.54
933	110.54
934	110.31
935	110.31
936	110.31
937	110.31
938	110.31
939	110.31
940	110.31
941	110.31
942	110.31
943	110.31
944	110.31
945	110.31
946	110.31
947	110.31
948	110.31
949	110.31
950	110.31
951	110.31
952	110.31
953	110.31
954	110.31
955	110.31
956	110.31
957	110.31
958	110.31
959	110.31
960	110.31
961	110.31
962	110.31
963	110.31
964	110.31
965	110.31
966	110.31
967	110.31
968	110.31
969	110.31
970	110.31
971	110.31
972	110.31
973	110.31
974	110.31
975	110.31
976	110.31
977	110.31
978	110.31
979	110.31
980	110.08
981	110.08
982	110.08
983	110.08
984	110.08
985	110.08
986	110.08
987	110.08
988	110.08
989	110.08
990	110.08
991	110.08
992	110.08
993	110.08
994	110.08
995	110.08
996	110.08
997	110.08
998	110.08
999	110.08
1000	110.08
1001	110.08
1002	110.08
1003	110.08
1004	110.08
1005	110.08
1006	110.08
1007	110.08
1008	110.08
1009	110.08
1010	110.08
1011	110.08
1012	109.85
1013	109.85
1014	109.85
1015	109.85
1016	109.85
1017	109.85
1018	109.85
1019	109.85
1020	109.85
1021	109.85
1022	109.85
1023	109.85
1024	109.85
1025	109.85
1026	109.85
1027	109.85
1028	109.85
1029	109.85
1030	109.85
1031	109.85
1032	109.85
1033	109.85
1034	109.85
1035	109.85
1036	109.85
1037	109.85
1038	109.85
1039	109.85
1040	109.85
1041	109.85
1042	109.85
1043	109.85
1044	109.85
1045	109.85
1046	109.85
1047	109.85
1048	109.85
1049	109.85
1050	109.85
1051	109.61
1052	109.61
1053	109.61
1054	109.61
1055	109.61
1056	109.61
1057	109.61
1058	109.61
1059	109.61
1060	109.61
1061	109.61
1062	109.61
1063	109.61
1064	109.61
1065	109.61
1066	109.61
1067	109.61
1068	109.61
1069	109.61
1070	109.61
1071	109.61
1072	109.61
1073	109.61
1074	109.61
1075	109.61
1076	109.61
1077	109.61
1078	109.61
1079	109.61
1080	109.61
1081	109.61
1082	109.61
1083	109.61
1084	109.61
1085	109.61
1086	109.61
1087	109.38
1088	109.38
1089	109.38
1090	109.38
1091	109.38
1092	109.38
1093	109.38
1094	109.38
1095	109.38
1096	109.38
1097	109.38
1098	109.38
1099	109.38
1100	109.38
1101	109.38
1102	109.38
1103	109.38
1104	109.38
1105	109.38
1106	109.38
1107	109.38
1108	109.38
1109	109.38
1110	109.38
1111	109.38
1112	109.38
1113	109.38
1114	109.38
1115	109.38
1116	109.15
1117	109.38
1118	109.15
1119	109.15
1120	109.15
1121	109.15
1122	109.15
1123	109.15
1124	109.15
1125	109.15
1126	109.15
1127	109.15
1128	109.15
1129	109.15
1130	109.15
1131	109.15
1132	109.15
1133	109.15
1134	109.15
1135	109.15
1136	109.15
1137	109.15
1138	109.15
1139	109.15
1140	109.15
1141	109.15
1142	109.15
1143	109.15
1144	109.15
1145	109.15
1146	108.92
1147	108.92
1148	108.92
1149	108.92
1150	108.92
1151	108.92
1152	108.92
1153	108.92
1154	108.92
1155	108.92
1156	108.92
1157	108.92
1158	108.92
1159	108.92
1160	108.92
1161	108.92
1162	108.92
1163	108.92
1164	108.92
1165	108.92
1166	108.92
1167	108.92
1168	108.92
1169	108.92
1170	108.69
1171	108.92
1172	108.69
1173	108.69
1174	108.69
1175	108.69
1176	108.69
1177	108.69
1178	108.69
1179	108.69
1180	108.69
1181	108.69
1182	108.69
1183	108.69
1184	108.69
1185	108.69
1186	108.69
1187	108.69
1188	108.69
1189	108.69
1190	108.69
1191	108.69
1192	108.69
1193	108.69
1194	108.69
1195	108.69
1196	108.69
1197	108.47
1198	108.47
1199	108.47
1200	108.69
1201	108.47
1202	108.47
1203	108.47
1204	108.47
1205	108.47
1206	108.47
1207	108.47
1208	108.47
1209	108.47
1210	108.47
1211	108.47
1212	108.47
1213	108.47
1214	108.47
1215	108.47
1216	108.47
1217	108.47
1218	108.47
1219	108.47
1220	108.47
1221	108.47
1222	108.47
1223	108.47
1224	108.24
1225	108.47
1226	108.24
1227	108.24
1228	108.24
1229	108.24
1230	108.24
1231	108.24
1232	108.24
1233	108.24
1234	108.24
1235	108.24
1236	108.24
1237	108.24
1238	108.24
1239	108.24
1240	108.24
1241	108.24
1242	108.24
1243	108.24
1244	108.24
1245	108.24
1246	108.24
1247	108.24
1248	108.24
1249	108.24
1250	108.01
1251	108.01
1252	108.01
1253	108.01
1254	108.01
1255	108.01
1256	108.01
1257	108.01
1258	108.01
1259	108.01
1260	108.01
1261	108.01
1262	108.01
1263	108.01
1264	108.01
1265	108.01
1266	108.01
1267	108.01
1268	108.01
1269	108.01
1270	108.01
1271	108.01
1272	108.01
1273	107.78
1274	107.78
1275	107.78
1276	107.78
1277	107.78
1278	107.78
1279	107.78
1280	107.78
1281	107.78
1282	107.78
1283	107.78
1284	107.78
1285	107.78
1286	107.78
1287	107.78
1288	107.78
1289	107.78
1290	107.78
1291	107.78
1292	107.78
1293	107.78
1294	107.78
1295	107.55
1296	107.78
1297	107.55
1298	107.78
1299	107.55
1300	107.55
1301	107.55
1302	107.55
1303	107.55
1304	107.55
1305	107.55
1306	107.55
1307	107.55
1308	107.55
1309	107.55
1310	107.55
1311	107.55
1312	107.55
1313	107.55
1314	107.55
1315	107.55
1316	107.55
1317	107.55
1318	107.55
1319	107.33
1320	107.55
1321	107.33
1322	107.33
1323	107.33
1324	107.33
1325	107.33
1326	107.33
1327	107.33
1328	107.33
1329	107.33
1330	107.33
1331	107.33
1332	107.33
1333	107.33
1334	107.33
1335	107.33
1336	107.33
1337	107.33
1338	107.33
1339	107.33
1340	107.33
1341	107.33
1342	107.33
1343	107.33
1344	107.1
1345	107.1
1346	107.1
1347	107.1
1348	107.1
1349	107.1
1350	107.1
1351	107.1
1352	107.1
1353	107.1
1354	107.1
1355	107.1
1356	107.1
1357	107.1
1358	107.1
1359	107.1
1360	107.1
1361	107.1
1362	107.1
1363	107.1
1364	107.1
1365	107.1
1366	107.1
1367	106.88
1368	106.88
1369	106.88
1370	106.88
1371	106.88
1372	106.88
1373	106.88
1374	106.88
1375	106.88
1376	106.88
1377	106.88
1378	106.88
1379	106.88
1380	106.88
1381	106.88
1382	106.88
1383	106.88
1384	106.88
1385	106.88
1386	106.88
1387	106.88
1388	106.88
1389	106.88
1390	106.88
1391	106.65
1392	106.65
1393	106.65
1394	106.65
1395	106.65
1396	106.65
1397	106.65
1398	106.65
1399	106.65
1400	106.65
1401	106.65
1402	106.65
1403	106.65
1404	106.65
1405	106.65
1406	106.65
1407	106.65
1408	106.65
1409	106.65
1410	106.65
1411	106.65
1412	106.65
1413	106.65
1414	106.65
1415	106.65
1416	106.43
1417	106.43
1418	106.43
1419	106.43
1420	106.43
1421	106.43
1422	106.43
1423	106.43
1424	106.43
1425	106.43
1426	106.43
1427	106.43
1428	106.43
1429	106.43
1430	106.43
1431	106.43
1432	106.43
1433	106.43
1434	106.43
1435	106.43
1436	106.43
1437	106.2
1438	106.2
1439	106.2
1440	106.2
1441	106.2
1442	106.2
1443	106.2
1444	106.2
1445	106.2
1446	106.2
1447	106.2
1448	106.2
1449	106.2
1450	106.2
1451	106.2
1452	106.2
1453	106.2
1454	106.2
1455	106.2
1456	106.2
1457	106.2
1458	106.2
1459	106.2
1460	105.98
1461	105.98
1462	105.98
1463	105.98
1464	105.98
1465	105.98
1466	105.98
1467	105.98
1468	105.98
1469	105.98
1470	105.98
1471	105.98
1472	105.98
1473	105.98
1474	105.98
1475	105.98
1476	105.98
1477	105.98
1478	105.98
1479	105.98
1480	105.76
1481	105.76
1482	105.76
1483	105.76
1484	105.76
1485	105.76
1486	105.76
1487	105.76
1488	105.76
1489	105.76
1490	105.76
1491	105.76
1492	105.76
1493	105.76
1494	105.76
1495	105.76
1496	105.76
1497	105.76
1498	105.76
1499	105.76
1500	105.76
1501	105.76
1502	105.53
1503	105.53
1504	105.53
1505	105.53
1506	105.53
1507	105.53
1508	105.53
1509	105.53
1510	105.53
1511	105.53
1512	105.53
1513	105.53
1514	105.53
1515	105.53
1516	105.53
1517	105.53
1518	105.53
1519	105.53
1520	105.53
1521	105.53
1522	105.53
1523	105.53
1524	105.53
1525	105.53
1526	105.53
1527	105.53
1528	105.31
1529	105.31
1530	105.31
1531	105.31
1532	105.31
1533	105.31
1534	105.31
1535	105.31
1536	105.31
1537	105.31
1538	105.31
1539	105.31
1540	105.31
1541	105.31
1542	105.31
1543	105.31
1544	105.31
1545	105.31
1546	105.31
1547	105.31
1548	105.31
1549	105.31
1550	105.09
1551	105.09
1552	105.09
1553	105.09
1554	105.09
1555	105.09
1556	105.09
1557	105.09
1558	105.09
1559	105.09
1560	105.09
1561	105.09
1562	105.09
1563	105.09
1564	105.09
1565	105.09
1566	105.09
1567	105.09
1568	105.09
1569	105.09
1570	105.09
1571	105.09
1572	105.09
1573	105.09
1574	105.09
1575	104.87
1576	104.87
1577	104.87
1578	104.87
1579	104.87
1580	104.87
1581	104.87
1582	104.87
1583	104.87
1584	104.87
1585	104.87
1586	104.87
1587	104.87
1588	104.87
1589	104.87
1590	104.87
1591	104.87
1592	104.87
1593	104.87
1594	104.87
1595	104.87
1596	104.87
1597	104.65
1598	104.65
1599	104.65
1600	104.65
1601	104.65
1602	104.65
1603	104.65
1604	104.65
1605	104.65
1606	104.65
1607	104.65
1608	104.65
1609	104.65
1610	104.65
1611	104.65
1612	104.65
1613	104.65
1614	104.65
1615	104.65
1616	104.65
1617	104.65
1618	104.43
1619	104.65
1620	104.43
1621	104.43
1622	104.43
1623	104.43
1624	104.43
1625	104.43
1626	104.43
1627	104.43
1628	104.43
1629	104.43
1630	104.43
1631	104.43
1632	104.43
1633	104.43
1634	104.43
1635	104.43
1636	104.43
1637	104.43
1638	104.43
1639	104.43
1640	104.21
1641	104.21
1642	104.21
1643	104.21
1644	104.21
1645	104.21
1646	104.21
1647	104.21
1648	104.21
1649	104.21
1650	104.21
1651	104.21
1652	104.21
1653	104.21
1654	104.21
1655	104.21
1656	104.21
1657	104.21
1658	104.21
1659	104.21
1660	104.21
1661	104.21
1662	104.21
1663	104.21
1664	103.99
1665	103.99
1666	103.99
1667	103.99
1668	103.99
1669	103.99
1670	103.99
1671	103.99
1672	103.99
1673	103.99
1674	103.99
1675	103.99
1676	103.99
1677	103.99
1678	103.99
1679	103.99
1680	103.99
1681	103.99
1682	103.99
1683	103.99
1684	103.99
1685	103.99
1686	103.99
1687	103.99
1688	103.77
1689	103.77
1690	103.77
1691	103.77
1692	103.77
1693	103.77
1694	103.77
1695	103.77
1696	103.77
1697	103.77
1698	103.77
1699	103.77
1700	103.77
1701	103.77
1702	103.77
1703	103.77
1704	103.77
1705	103.77
1706	103.77
1707	103.77
1708	103.77
1709	103.77
1710	103.77
1711	103.77
1712	103.55
1713	103.55
1714	103.55
1715	103.55
1716	103.55
1717	103.55
1718	103.55
1719	103.55
1720	103.55
1721	103.55
1722	103.55
1723	103.55
1724	103.55
1725	103.55
1726	103.55
1727	103.55
1728	103.55
1729	103.55
1730	103.55
1731	103.55
1732	103.55
1733	103.55
1734	103.33
1735	103.55
1736	103.33
1737	103.33
1738	103.33
1739	103.33
1740	103.33
1741	103.33
1742	103.33
1743	103.33
1744	103.33
1745	103.33
1746	103.33
1747	103.33
1748	103.33
1749	103.33
1750	103.33
1751	103.33
1752	103.33
1753	103.33
1754	103.33
1755	103.33
1756	103.33
1757	103.33
1758	103.33
1759	103.33
1760	103.33
1761	103.11
1762	103.11
1763	103.11
1764	103.11
1765	103.11
1766	103.11
1767	103.11
1768	103.11
1769	103.11
1770	103.11
1771	103.11
1772	103.11
1773	103.11
1774	103.11
1775	103.11
1776	103.11
1777	103.11
1778	103.11
1779	103.11
1780	103.11
1781	103.11
1782	103.11
1783	103.11
1784	103.11
1785	103.11
1786	103.11
1787	102.89
1788	102.89
1789	102.89
1790	102.89
1791	102.89
1792	102.89
1793	102.89
1794	102.89
1795	102.89
1796	102.89
1797	102.89
1798	102.89
1799	102.89
1800	102.89
1801	102.89
1802	102.89
1803	102.89
1804	102.89
1805	102.89
1806	102.89
1807	102.89
1808	102.89
1809	102.89
1810	102.89
1811	102.68
1812	102.68
1813	102.68
1814	102.68
1815	102.68
1816	102.68
1817	102.68
1818	102.68
1819	102.68
1820	102.68
1821	102.68
1822	102.68
1823	102.68
1824	102.68
1825	102.68
1826	102.68
1827	102.68
1828	102.68
1829	102.68
1830	102.68
1831	102.68
1832	102.68
1833	102.68
1834	102.68
1835	102.46
1836	102.46
1837	102.46
1838	102.46
1839	102.46
1840	102.46
1841	102.46
1842	102.46
1843	102.46
1844	102.46
1845	102.46
1846	102.46
1847	102.46
1848	102.46
1849	102.46
1850	102.46
1851	102.46
1852	102.46
1853	102.46
1854	102.46
1855	102.46
1856	102.46
1857	102.46
1858	102.46
1859	102.46
1860	102.46
1861	102.46
1862	102.46
1863	102.46
1864	102.46
1865	102.46
1866	102.24
1867	102.24
1868	102.24
1869	102.24
1870	102.24
1871	102.24
1872	102.24
1873	102.24
1874	102.24
1875	102.24
1876	102.24
1877	102.24
1878	102.24
1879	102.24
1880	102.24
1881	102.24
1882	102.24
1883	102.24
1884	102.24
1885	102.24
1886	102.24
1887	102.24
1888	102.24
1889	102.24
1890	102.24
1891	102.03
1892	102.03
1893	102.03
1894	102.03
1895	102.03
1896	102.03
1897	102.03
1898	102.03
1899	102.03
1900	102.03
1901	102.03
1902	102.03
1903	102.03
1904	102.03
1905	102.03
1906	102.03
1907	102.03
1908	102.03
1909	102.03
1910	102.03
1911	102.03
1912	102.03
1913	102.03
1914	102.03
1915	102.03
1916	102.03
1917	102.03
1918	102.03
1919	101.81
1920	101.81
1921	101.81
1922	101.81
1923	101.81
1924	101.81
1925	101.81
1926	101.81
1927	101.81
1928	101.81
1929	101.81
1930	101.81
1931	101.81
1932	101.81
1933	101.81
1934	101.81
1935	101.81
1936	101.81
1937	101.81
1938	101.81
1939	101.81
1940	101.81
1941	101.81
1942	101.81
1943	101.81
1944	101.59
1945	101.59
1946	101.59
1947	101.59
1948	101.59
1949	101.59
1950	101.59
1951	101.59
1952	101.59
1953	101.59
1954	101.59
1955	101.59
1956	101.59
1957	101.59
1958	101.59
1959	101.59
1960	101.59
1961	101.59
1962	101.59
1963	101.59
1964	101.59
1965	101.59
1966	101.59
1967	101.59
1968	101.59
1969	101.59
1970	101.59
1971	101.59
1972	101.38
1973	101.38
1974	101.38
1975	101.38
1976	101.38
1977	101.38
1978	101.38
1979	101.38
1980	101.38
1981	101.38
1982	101.38
1983	101.38
1984	101.38
1985	101.38
1986	101.38
1987	101.38
1988	101.38
1989	101.38
1990	101.38
1991	101.38
1992	101.38
1993	101.38
1994	101.38
1995	101.38
1996	101.38
1997	101.38
1998	101.17
1999	101.17
2000	101.17
2001	101.17
2002	101.17
2003	101.17
2004	101.17
2005	101.17
2006	101.17
2007	101.17
2008	101.17
2009	101.17
2010	101.17
2011	101.17
2012	101.17
2013	101.17
2014	101.17
2015	101.17
2016	101.17
2017	101.17
2018	101.17
2019	101.17
2020	101.17
2021	101.17
2022	101.17
2023	101.17
2024	101.17
2025	101.17
2026	100.95
2027	100.95
2028	100.95
2029	100.95
2030	100.95
2031	100.95
2032	100.95
2033	100.95
2034	100.95
2035	100.95
2036	100.95
2037	100.95
2038	100.95
2039	100.95
2040	100.95
2041	100.95
2042	100.95
2043	100.95
2044	100.95
2045	100.95
2046	100.95
2047	100.95
2048	100.95
2049	100.74
2050	100.95
2051	100.74
2052	100.74
2053	100.74
2054	100.74
2055	100.74
2056	100.74
2057	100.74
2058	100.74
2059	100.74
2060	100.74
2061	100.74
2062	100.74
2063	100.74
2064	100.74
2065	100.74
2066	100.74
2067	100.74
2068	100.74
2069	100.74
2070	100.74
2071	100.74
2072	100.74
2073	100.74
2074	100.74
2075	100.74
2076	100.74
2077	100.74
2078	100.74
2079	100.74
2080	100.74
2081	100.52
2082	100.52
2083	100.52
2084	100.52
2085	100.52
2086	100.52
2087	100.52
2088	100.52
2089	100.52
2090	100.52
2091	100.52
2092	100.52
2093	100.52
2094	100.52
2095	100.52
2096	100.52
2097	100.52
2098	100.52
2099	100.52
2100	100.52
2101	100.52
2102	100.52
2103	100.52
2104	100.52
2105	100.52
2106	100.52
2107	100.52
2108	100.31
2109	100.31
2110	100.31
2111	100.31
2112	100.31
2113	100.31
2114	100.31
2115	100.31
2116	100.31
2117	100.31
2118	100.31
2119	100.31
2120	100.31
2121	100.31
2122	100.31
2123	100.31
2124	100.31
2125	100.31
2126	100.31
2127	100.31
2128	100.31
2129	100.31
2130	100.31
2131	100.31
2132	100.31
2133	100.31
2134	100.31
2135	100.31
2136	100.1
2137	100.1
2138	100.1
2139	100.1
2140	100.1
2141	100.1
2142	100.1
2143	100.1
2144	100.1
2145	100.1
2146	100.1
2147	100.1
2148	100.1
2149	100.1
2150	100.1
2151	100.1
2152	100.1
2153	100.1
2154	100.1
2155	100.1
2156	100.1
2157	100.1
2158	100.1
2159	100.1
2160	100.1
2161	99.89
2162	99.89
2163	99.89
2164	99.89
2165	99.89
2166	99.89
2167	99.89
2168	99.89
2169	99.89
2170	99.89
2171	99.89
2172	99.89
2173	99.89
2174	99.89
2175	99.89
2176	99.89
2177	99.89
2178	99.89
2179	99.89
2180	99.89
2181	99.89
2182	99.89
2183	99.89
2184	99.89
2185	99.89
2186	99.89
2187	99.89
2188	99.89
2189	99.67
2190	99.67
2191	99.67
2192	99.67
2193	99.67
2194	99.67
2195	99.67
2196	99.67
2197	99.67
2198	99.67
2199	99.67
2200	99.67
2201	99.67
2202	99.67
2203	99.67
2204	99.67
2205	99.67
2206	99.67
2207	99.67
2208	99.67
2209	99.67
2210	99.67
2211	99.67
2212	99.67
2213	99.67
2214	99.67
2215	99.67
2216	99.67
2217	99.67
2218	99.46
2219	99.46
2220	99.46
2221	99.46
2222	99.46
2223	99.46
2224	99.46
2225	99.46
2226	99.46
2227	99.46
2228	99.46
2229	99.46
2230	99.46
2231	99.46
2232	99.46
2233	99.46
2234	99.46
2235	99.46
2236	99.46
2237	99.46
2238	99.46
2239	99.46
2240	99.46
2241	99.46
2242	99.25
2243	99.46
2244	99.25
2245	99.25
2246	99.25
2247	99.25
2248	99.25
2249	99.25
2250	99.25
2251	99.25
2252	99.25
2253	99.25
2254	99.25
2255	99.25
2256	99.25
2257	99.25
2258	99.25
2259	99.25
2260	99.25
2261	99.25
2262	99.25
2263	99.25
2264	99.25
2265	99.25
2266	99.25
2267	99.25
2268	99.25
2269	99.25
2270	99.04
2271	99.04
2272	99.04
2273	99.04
2274	99.04
2275	99.04
2276	99.04
2277	99.04
2278	99.04
2279	99.04
2280	99.04
2281	99.04
2282	99.04
2283	99.04
2284	99.04
2285	99.04
2286	99.04
2287	99.04
2288	99.04
2289	99.04
2290	99.04
2291	99.04
2292	99.04
2293	99.04
2294	99.04
2295	99.04
2296	99.04
2297	99.04
2298	99.04
2299	98.83
2300	98.83
2301	98.83
2302	98.83
2303	98.83
2304	98.83
2305	98.83
2306	98.83
2307	98.83
2308	98.83
2309	98.83
2310	98.83
2311	98.83
2312	98.83
2313	98.83
2314	98.83
2315	98.83
2316	98.83
2317	98.83
2318	98.83
2319	98.83
2320	98.83
2321	98.83
2322	98.83
2323	98.83
2324	98.83
2325	98.83
2326	98.62
2327	98.62
2328	98.62
2329	98.62
2330	98.62
2331	98.62
2332	98.62
2333	98.62
2334	98.62
2335	98.62
2336	98.62
2337	98.62
2338	98.62
2339	98.62
2340	98.62
2341	98.62
2342	98.62
2343	98.62
2344	98.62
2345	98.62
2346	98.62
2347	98.62
2348	98.62
2349	98.62
2350	98.62
2351	98.62
2352	98.62
2353	98.41
2354	98.41
2355	98.41
2356	98.41
2357	98.41
2358	98.41
2359	98.41
2360	98.41
2361	98.41
2362	98.41
2363	98.41
2364	98.41
2365	98.41
2366	98.41
2367	98.41
2368	98.41
2369	98.41
2370	98.41
2371	98.41
2372	98.41
2373	98.41
2374	98.41
2375	98.41
2376	98.41
2377	98.41
2378	98.41
2379	98.2
2380	98.2
2381	98.2
2382	98.2
2383	98.2
2384	98.2
2385	98.2
2386	98.2
2387	98.2
2388	98.2
2389	98.2
2390	98.2
2391	98.2
2392	98.2
2393	98.2
2394	98.2
2395	98.2
2396	98.2
2397	98.2
2398	98.2
2399	98.2
2400	98.2
2401	98.2
2402	98.2
2403	98.2
2404	98.2
2405	97.99
2406	98.2
2407	97.99
2408	97.99
2409	97.99
2410	97.99
2411	97.99
2412	97.99
2413	97.99
2414	97.99
2415	97.99
2416	97.99
2417	97.99
2418	97.99
2419	97.99
2420	97.99
2421	97.99
2422	97.99
2423	97.99
2424	97.99
2425	97.99
2426	97.99
2427	97.99
2428	97.99
2429	97.99
2430	97.99
2431	97.78
2432	97.78
2433	97.78
2434	97.78
2435	97.78
2436	97.78
2437	97.78
2438	97.78
2439	97.78
2440	97.78
2441	97.78
2442	97.78
2443	97.78
2444	97.78
2445	97.78
2446	97.78
2447	97.78
2448	97.78
2449	97.78
2450	97.78
2451	97.78
2452	97.78
2453	97.78
2454	97.78
2455	97.78
2456	97.78
2457	97.78
2458	97.57
2459	97.57
2460	97.57
2461	97.57
2462	97.57
2463	97.57
2464	97.57
2465	97.57
2466	97.57
2467	97.57
2468	97.57
2469	97.57
2470	97.57
2471	97.57
2472	97.57
2473	97.57
2474	97.57
2475	97.57
2476	97.57
2477	97.57
2478	97.57
2479	97.57
2480	97.57
2481	97.57
2482	97.57
2483	97.57
2484	97.57
2485	97.57
2486	97.36
2487	97.36
2488	97.36
2489	97.36
2490	97.36
2491	97.36
2492	97.36
2493	97.36
2494	97.36
2495	97.36
2496	97.36
2497	97.36
2498	97.36
2499	97.36
2500	97.36
2501	97.36
2502	97.36
2503	97.36
2504	97.36
2505	97.36
2506	97.36
2507	97.36
2508	97.36
2509	97.36
2510	97.36
2511	97.16
2512	97.36
2513	97.36
2514	97.16
2515	97.16
2516	97.16
2517	97.16
2518	97.16
2519	97.16
2520	97.16
2521	97.16
2522	97.16
2523	97.16
2524	97.16
2525	97.16
2526	97.16
2527	97.16
2528	97.16
2529	97.16
2530	97.16
2531	97.16
2532	97.16
2533	97.16
2534	97.16
2535	97.16
2536	97.16
2537	97.16
2538	97.16
2539	96.95
2540	96.95
2541	96.95
2542	96.95
2543	96.95
2544	96.95
2545	96.95
2546	96.95
2547	96.95
2548	96.95
2549	96.95
2550	96.95
2551	96.95
2552	96.95
2553	96.95
2554	96.95
2555	96.95
2556	96.95
2557	96.95
2558	96.95
2559	96.95
2560	96.95
2561	96.95
2562	96.95
2563	96.95
2564	96.95
2565	96.95
2566	96.95
2567	96.95
2568	96.74
2569	96.74
2570	96.74
2571	96.74
2572	96.74
2573	96.74
2574	96.74
2575	96.74
2576	96.74
2577	96.74
2578	96.74
2579	96.74
2580	96.74
2581	96.74
2582	96.74
2583	96.74
2584	96.74
2585	96.74
2586	96.74
2587	96.74
2588	96.74
2589	96.74
2590	96.74
2591	96.74
2592	96.74
2593	96.53
2594	96.53
2595	96.53
2596	96.53
2597	96.53
2598	96.53
2599	96.53
2600	96.53
2601	96.53
2602	96.53
2603	96.53
2604	96.53
2605	96.53
2606	96.53
2607	96.53
2608	96.53
2609	96.53
2610	96.53
2611	96.53
2612	96.53
2613	96.53
2614	96.53
2615	96.53
2616	96.53
2617	96.53
2618	96.53
2619	96.53
2620	96.53
2621	96.53
2622	96.33
2623	96.33
2624	96.33
2625	96.33
2626	96.33
2627	96.33
2628	96.33
2629	96.33
2630	96.33
2631	96.33
2632	96.33
2633	96.33
2634	96.33
2635	96.33
2636	96.33
2637	96.33
2638	96.33
2639	96.33
2640	96.33
2641	96.33
2642	96.33
2643	96.33
2644	96.33
2645	96.33
2646	96.33
2647	96.33
2648	96.33
2649	96.33
2650	96.12
2651	96.33
2652	96.12
2653	96.12
2654	96.12
2655	96.12
2656	96.12
2657	96.12
2658	96.12
2659	96.12
2660	96.12
2661	96.12
2662	96.12
2663	96.12
2664	96.12
2665	96.12
2666	96.12
2667	96.12
2668	96.12
2669	96.12
2670	96.12
2671	96.12
2672	96.12
2673	96.12
2674	96.12
2675	96.12
2676	96.12
2677	96.12
2678	95.91
2679	96.12
2680	95.91
2681	95.91
2682	95.91
2683	95.91
2684	95.91
2685	95.91
2686	95.91
2687	95.91
2688	95.91
2689	95.91
2690	95.91
2691	95.91
2692	95.91
2693	95.91
2694	95.91
2695	95.91
2696	95.91
2697	95.91
2698	95.91
2699	95.91
2700	95.91
2701	95.91
2702	95.91
2703	95.91
2704	95.91
2705	95.91
2706	95.91
2707	95.91
2708	95.91
2709	95.91
2710	95.71
2711	95.71
2712	95.71
2713	95.71
2714	95.71
2715	95.71
2716	95.71
2717	95.71
2718	95.71
2719	95.71
2720	95.71
2721	95.71
2722	95.71
2723	95.71
2724	95.71
2725	95.71
2726	95.71
2727	95.71
2728	95.71
2729	95.71
2730	95.71
2731	95.71
2732	95.71
2733	95.71
2734	95.71
2735	95.71
2736	95.71
2737	95.71
2738	95.71
2739	95.71
2740	95.71
2741	95.71
2742	95.71
2743	95.5
2744	95.5
2745	95.5
2746	95.5
2747	95.5
2748	95.5
2749	95.5
2750	95.5
2751	95.5
2752	95.5
2753	95.5
2754	95.5
2755	95.5
2756	95.5
2757	95.5
2758	95.5
2759	95.5
2760	95.5
2761	95.5
2762	95.5
2763	95.5
2764	95.5
2765	95.5
2766	95.5
2767	95.5
2768	95.5
2769	95.5
2770	95.5
2771	95.3
2772	95.3
2773	95.3
2774	95.3
2775	95.3
2776	95.3
2777	95.3
2778	95.3
2779	95.3
2780	95.3
2781	95.3
2782	95.3
2783	95.3
2784	95.3
2785	95.3
2786	95.3
2787	95.3
2788	95.3
2789	95.3
2790	95.3
2791	95.3
2792	95.3
2793	95.3
2794	95.3
2795	95.3
2796	95.3
2797	95.3
2798	95.3
2799	95.3
2800	95.3
2801	95.3
2802	95.3
2803	95.3
2804	95.09
2805	95.09
2806	95.09
2807	95.09
2808	95.09
2809	95.09
2810	95.09
2811	95.09
2812	95.09
2813	95.09
2814	95.09
2815	95.09
2816	95.09
2817	95.09
2818	95.09
2819	95.09
2820	95.09
2821	95.09
2822	95.09
2823	95.09
2824	95.09
2825	95.09
2826	95.09
2827	95.09
2828	95.09
2829	95.09
2830	95.09
2831	95.09
2832	95.09
2833	95.09
2834	95.09
2835	94.89
2836	94.89
2837	94.89
2838	94.89
2839	94.89
2840	94.89
2841	94.89
2842	94.89
2843	94.89
2844	94.89
2845	94.89
2846	94.89
2847	94.89
2848	94.89
2849	94.89
2850	94.89
2851	94.89
2852	94.89
2853	94.89
2854	94.89
2855	94.89
2856	94.89
2857	94.89
2858	94.89
2859	94.89
2860	94.89
2861	94.89
2862	94.89
2863	94.89
2864	94.89
2865	94.89
2866	94.89
2867	94.89
2868	94.89
2869	94.89
2870	94.69
2871	94.69
2872	94.69
2873	94.69
2874	94.69
2875	94.69
2876	94.69
2877	94.69
2878	94.69
2879	94.69
2880	94.69
2881	94.69
2882	94.69
2883	94.69
2884	94.69
2885	94.69
2886	94.69
2887	94.69
2888	94.69
2889	94.69
2890	94.69
2891	94.69
2892	94.69
2893	94.69
2894	94.69
2895	94.69
2896	94.69
2897	94.69
2898	94.69
2899	94.69
2900	94.69
2901	94.69
2902	94.69
2903	94.69
2904	94.48
2905	94.48
2906	94.48
2907	94.48
2908	94.48
2909	94.48
2910	94.48
2911	94.48
2912	94.48
2913	94.48
2914	94.48
2915	94.48
2916	94.48
2917	94.48
2918	94.48
2919	94.48
2920	94.48
2921	94.48
2922	94.48
2923	94.48
2924	94.48
2925	94.48
2926	94.48
2927	94.48
2928	94.48
2929	94.48
2930	94.48
2931	94.48
2932	94.48
2933	94.48
2934	94.48
2935	94.48
2936	94.28
2937	94.28
2938	94.28
2939	94.28
2940	94.28
2941	94.28
2942	94.28
2943	94.28
2944	94.28
2945	94.28
2946	94.28
2947	94.28
2948	94.28
2949	94.28
2950	94.28
2951	94.28
2952	94.28
2953	94.28
2954	94.28
2955	94.28
2956	94.28
2957	94.28
2958	94.28
2959	94.28
2960	94.28
2961	94.28
2962	94.28
2963	94.28
2964	94.28
2965	94.28
2966	94.28
2967	94.07
2968	94.07
2969	94.07
2970	94.07
2971	94.07
2972	94.07
2973	94.07
2974	94.07
2975	94.07
2976	94.07
2977	94.07
2978	94.07
2979	94.07
2980	94.07
2981	94.07
2982	94.07
2983	94.07
2984	94.07
2985	94.07
2986	94.07
2987	94.07
2988	94.07
2989	94.07
2990	94.07
2991	94.07
2992	94.07
2993	94.07
2994	94.07
2995	94.07
2996	94.07
2997	94.07
2998	94.07
2999	94.07
3000	94.07
3001	94.07
3002	94.07
3003	94.07
3004	93.87
3005	94.07
3006	93.87
3007	93.87
3008	93.87
3009	93.87
3010	93.87
3011	93.87
3012	93.87
3013	93.87
3014	93.87
3015	93.87
3016	93.87
3017	93.87
3018	93.87
3019	93.87
3020	93.87
3021	93.87
3022	93.87
3023	93.87
3024	93.87
3025	93.87
3026	93.87
3027	93.87
3028	93.87
3029	93.87
3030	93.87
3031	93.87
3032	93.87
3033	93.87
3034	93.87
3035	93.87
3036	93.87
3037	93.87
3038	93.87
3039	93.87
3040	93.87
3041	93.87
3042	93.87
3043	93.67
3044	93.87
3045	93.67
3046	93.67
3047	93.67
3048	93.67
3049	93.67
3050	93.67
3051	93.67
3052	93.67
3053	93.67
3054	93.67
3055	93.67
3056	93.67
3057	93.67
3058	93.67
3059	93.67
3060	93.67
3061	93.67
3062	93.67
3063	93.67
3064	93.67
3065	93.67
3066	93.67
3067	93.67
3068	93.67
3069	93.67
3070	93.67
3071	93.67
3072	93.67
3073	93.67
3074	93.67
3075	93.67
3076	93.67
3077	93.67
3078	93.67
3079	93.67
3080	93.67
3081	93.67
3082	93.67
3083	93.67
3084	93.67
3085	93.47
3086	93.47
3087	93.47
3088	93.47
3089	93.47
3090	93.47
3091	93.47
3092	93.47
3093	93.47
3094	93.47
3095	93.47
3096	93.47
3097	93.47
3098	93.47
3099	93.47
3100	93.47
3101	93.47
3102	93.47
3103	93.47
3104	93.47
3105	93.47
3106	93.47
3107	93.47
3108	93.47
3109	93.47
3110	93.47
3111	93.47
3112	93.47
3113	93.47
3114	93.47
3115	93.47
3116	93.47
3117	93.47
3118	93.47
3119	93.47
3120	93.26
3121	93.47
3122	93.47
3123	93.26
3124	93.26
3125	93.26
3126	93.26
3127	93.26
3128	93.26
3129	93.26
3130	93.26
3131	93.26
3132	93.26
3133	93.26
3134	93.26
3135	93.26
3136	93.26
3137	93.26
3138	93.26
3139	93.26
3140	93.26
3141	93.26
3142	93.26
3143	93.26
3144	93.26
3145	93.26
3146	93.26
3147	93.26
3148	93.26
3149	93.26
3150	93.26
3151	93.26
3152	93.26
3153	93.26
3154	93.26
3155	93.26
3156	93.26
3157	93.26
3158	93.26
3159	93.26
3160	93.26
3161	93.26
3162	93.26
3163	93.26
3164	93.26
3165	93.26
3166	93.26
3167	93.06
3168	93.06
3169	93.06
3170	93.06
3171	93.06
3172	93.06
3173	93.06
3174	93.06
3175	93.06
3176	93.06
3177	93.06
3178	93.06
3179	93.06
3180	93.06
3181	93.06
3182	93.06
3183	93.06
3184	93.06
3185	93.06
3186	93.06
3187	93.06
3188	93.06
3189	93.06
3190	93.06
3191	93.06
3192	93.06
3193	93.06
3194	93.06
3195	93.06
3196	93.06
3197	93.06
3198	93.06
3199	93.06
3200	93.06
3201	93.06
3202	93.06
3203	93.06
3204	93.06
3205	93.06
3206	92.86
3207	92.86
3208	92.86
3209	92.86
3210	92.86
3211	92.86
3212	92.86
3213	92.86
3214	92.86
3215	92.86
3216	92.86
3217	92.86
3218	92.86
3219	92.86
3220	92.86
3221	92.86
3222	92.86
3223	92.86
3224	92.86
3225	92.86
3226	92.86
3227	92.86
3228	92.86
3229	92.86
3230	92.86
3231	92.86
3232	92.86
3233	92.86
3234	92.86
3235	92.86
3236	92.86
3237	92.86
3238	92.86
3239	92.86
3240	92.86
3241	92.86
3242	92.86
3243	92.86
3244	92.86
3245	92.86
3246	92.86
3247	92.66
3248	92.66
3249	92.66
3250	92.66
3251	92.66
3252	92.66
3253	92.66
3254	92.66
3255	92.66
3256	92.66
3257	92.66
3258	92.66
3259	92.66
3260	92.66
3261	92.66
3262	92.66
3263	92.66
3264	92.66
3265	92.66
3266	92.66
3267	92.66
3268	92.66
3269	92.66
3270	92.66
3271	92.66
3272	92.66
3273	92.66
3274	92.66
3275	92.66
3276	92.66
3277	92.66
3278	92.66
3279	92.66
3280	92.66
3281	92.66
3282	92.66
3283	92.66
3284	92.66
3285	92.66
3286	92.66
3287	92.66
3288	92.66
3289	92.66
3290	92.66
3291	92.46
3292	92.46
3293	92.46
3294	92.46
3295	92.46
3296	92.46
3297	92.46
3298	92.46
3299	92.46
3300	92.46
3301	92.46
3302	92.46
3303	92.46
3304	92.46
3305	92.46
3306	92.46
3307	92.46
3308	92.46
3309	92.46
3310	92.46
3311	92.46
3312	92.46
3313	92.46
3314	92.46
3315	92.46
3316	92.46
3317	92.46
3318	92.46
3319	92.46
3320	92.46
3321	92.46
3322	92.46
3323	92.46
3324	92.46
3325	92.46
3326	92.46
3327	92.46
3328	92.46
3329	92.26
3330	92.46
3331	92.26
3332	92.26
3333	92.26
3334	92.26
3335	92.26
3336	92.26
3337	92.26
3338	92.26
3339	92.26
3340	92.26
3341	92.26
3342	92.26
3343	92.26
3344	92.26
3345	92.26
3346	92.26
3347	92.26
3348	92.26
3349	92.26
3350	92.26
3351	92.26
3352	92.26
3353	92.26
3354	92.26
3355	92.26
3356	92.26
3357	92.26
3358	92.26
3359	92.26
3360	92.26
3361	92.26
3362	92.26
3363	92.26
3364	92.26
3365	92.26
3366	92.26
3367	92.26
3368	92.26
3369	92.26
3370	92.26
3371	92.26
3372	92.06
3373	92.26
3374	92.06
3375	92.06
3376	92.06
3377	92.06
3378	92.06
3379	92.06
3380	92.06
3381	92.06
3382	92.06
3383	92.06
3384	92.06
3385	92.06
3386	92.06
3387	92.06
3388	92.06
3389	92.06
3390	92.06
3391	92.06
3392	92.06
3393	92.06
3394	92.06
3395	92.06
3396	92.06
3397	92.06
3398	92.06
3399	92.06
3400	92.06
3401	92.06
3402	92.06
