## Cup 1 (No Lid) Data

Cup 1: IKEA Model 12289 Coffee Mug (8oz.)		
Dimensions: 4" high by 3 1/4" wide at the rim; 819 Grams		
NoLid_Data		


TIME	TEMP
0	79.51
1	79.51
2	79.51
3	79.51
4	79.51
5	79.51
6	79.51
7	79.51
8	79.32
9	79.32
10	79.32
11	79.32
12	79.32
13	79.32
14	79.32
15	79.32
16	79.32
17	79.32
18	79.32
19	79.32
20	79.32
21	79.32
22	79.32
23	79.32
24	79.32
25	79.32
26	79.32
27	79.32
28	79.32
29	79.32
30	79.32
31	79.14
32	79.32
33	79.14
34	79.14
35	79.14
36	79.14
37	79.14
38	79.14
39	79.14
40	79.14
41	79.14
42	79.14
43	79.14
44	79.14
45	79.14
46	79.14
47	79.14
48	79.14
49	79.14
50	79.14
51	79.14
52	79.14
53	79.14
54	79.14
55	79.14
56	79.14
57	79.14
58	79.14
59	79.14
60	79.14
61	79.14
62	79.14
63	79.14
64	79.14
65	79.14
66	79.14
67	79.14
68	79.14
69	79.14
70	79.14
71	79.14
72	79.14
73	79.14
74	79.14
75	79.14
76	79.14
77	79.14
78	79.14
79	79.14
80	79.14
81	79.14
82	79.14
83	79.14
84	79.14
85	79.14
86	79.14
87	79.14
88	79.14
89	79.14
90	79.14
91	79.14
92	79.14
93	79.14
94	79.14
95	79.14
96	79.14
97	79.14
98	79.14
99	79.32
100	79.32
101	79.32
102	79.51
103	79.7
104	79.7
105	79.89
106	79.89
107	80.07
108	80.26
109	80.45
110	80.45
111	80.64
112	80.82
113	81.01
114	81.2
115	81.2
116	81.39
117	81.58
118	81.77
119	81.95
120	82.14
121	82.33
122	82.52
123	82.71
124	82.9
125	82.9
126	83.09
127	83.28
128	83.47
129	83.66
130	83.85
131	84.05
132	84.24
133	84.43
134	84.62
135	84.81
136	85
137	85.19
138	85.39
139	85.58
140	85.77
141	85.97
142	86.16
143	86.16
144	86.35
145	86.54
146	86.74
147	86.93
148	87.13
149	87.32
150	87.52
151	87.52
152	87.71
153	87.91
154	88.1
155	88.3
156	88.49
157	88.49
158	88.69
159	88.88
160	89.08
161	89.08
162	89.28
163	89.47
164	89.67
165	89.87
166	89.87
167	90.07
168	90.26
169	90.46
170	90.46
171	90.66
172	90.86
173	90.86
174	91.06
175	91.26
176	91.26
177	91.46
178	91.66
179	91.66
180	91.86
181	92.06
182	92.06
183	92.26
184	92.26
185	92.46
186	92.66
187	92.66
188	92.86
189	92.86
190	93.06
191	93.26
192	93.26
193	93.47
194	93.47
195	93.67
196	93.67
197	93.87
198	94.07
199	94.07
200	94.28
201	94.28
202	94.48
203	94.48
204	94.69
205	94.69
206	94.89
207	94.89
208	95.09
209	95.09
210	95.3
211	95.3
212	95.5
213	95.5
214	95.71
215	95.71
216	95.71
217	95.91
218	95.91
219	96.12
220	96.12
221	96.33
222	96.33
223	96.53
224	96.53
225	96.53
226	96.74
227	96.74
228	96.95
229	96.95
230	97.16
231	97.16
232	97.16
233	97.36
234	97.36
235	97.57
236	97.57
237	97.57
238	97.78
239	97.78
240	97.99
241	97.99
242	97.99
243	98.2
244	98.2
245	98.2
246	98.41
247	98.41
248	98.62
249	98.62
250	98.62
251	98.62
252	98.83
253	98.83
254	99.04
255	99.04
256	99.04
257	99.25
258	99.25
259	99.25
260	99.46
261	99.46
262	99.46
263	99.67
264	99.67
265	99.67
266	99.89
267	99.89
268	99.89
269	99.89
270	100.1
271	100.1
272	100.31
273	100.31
274	100.31
275	100.31
276	100.52
277	100.52
278	100.52
279	100.74
280	100.74
281	100.74
282	100.74
283	100.95
284	100.95
285	100.95
286	101.17
287	101.17
288	101.17
289	101.17
290	101.38
291	101.38
292	101.38
293	101.38
294	101.59
295	101.59
296	101.59
297	101.59
298	101.81
299	101.81
300	101.81
301	101.81
302	102.03
303	102.03
304	102.03
305	102.03
306	102.24
307	102.24
308	102.24
309	102.24
310	102.46
311	102.46
312	102.46
313	102.46
314	102.46
315	102.68
316	102.68
317	102.68
318	102.68
319	102.89
320	102.89
321	102.89
322	102.89
323	103.11
324	103.11
325	103.11
326	103.11
327	103.11
328	103.33
329	103.33
330	103.33
331	103.33
332	103.33
333	103.55
334	103.55
335	103.55
336	103.55
337	103.77
338	103.77
339	103.77
340	103.77
341	103.77
342	103.99
343	103.99
344	103.99
345	103.99
346	103.99
347	103.99
348	104.21
349	104.21
350	104.21
351	104.21
352	104.21
353	104.43
354	104.43
355	104.43
356	104.43
357	104.43
358	104.65
359	104.65
360	104.65
361	104.65
362	104.65
363	104.87
364	104.87
365	104.87
366	104.87
367	104.87
368	104.87
369	105.09
370	105.09
371	105.09
372	105.09
373	105.09
374	105.09
375	105.09
376	105.31
377	105.31
378	105.31
379	105.31
380	105.31
381	105.53
382	105.53
383	105.53
384	105.53
385	105.53
386	105.53
387	105.53
388	105.76
389	105.76
390	105.76
391	105.76
392	105.76
393	105.76
394	105.76
395	105.98
396	105.98
397	105.98
398	105.98
399	105.98
400	105.98
401	106.2
402	105.98
403	106.2
404	106.2
405	106.2
406	106.2
407	106.2
408	106.2
409	106.43
410	106.43
411	106.43
412	106.43
413	106.43
414	106.43
415	106.43
416	106.43
417	106.65
418	106.65
419	106.65
420	106.65
421	106.65
422	106.65
423	106.65
424	106.88
425	106.88
426	106.88
427	106.88
428	106.88
429	106.88
430	106.88
431	106.88
432	106.88
433	107.1
434	107.1
435	107.1
436	107.1
437	107.1
438	107.1
439	107.1
440	107.1
441	107.1
442	107.33
443	107.33
444	107.33
445	107.33
446	107.33
447	107.33
448	107.33
449	107.33
450	107.55
451	107.55
452	107.55
453	107.55
454	107.55
455	107.55
456	107.55
457	107.55
458	107.55
459	107.55
460	107.78
461	107.78
462	107.78
463	107.78
464	107.78
465	107.78
466	107.78
467	107.78
468	107.78
469	107.78
470	107.78
471	108.01
472	#VALUE!
473	108.01
474	108.01
475	108.01
476	108.01
477	108.01
478	108.01
479	108.01
480	108.01
481	108.24
482	108.24
483	108.24
484	108.24
485	108.24
486	108.24
487	108.24
488	108.24
489	108.24
490	108.24
491	108.47
492	108.47
493	108.47
494	108.47
495	108.47
496	108.47
497	108.47
498	108.47
499	108.47
500	108.47
501	108.47
502	108.47
503	108.69
504	108.69
505	108.69
506	108.69
507	108.69
508	108.69
509	108.69
510	108.69
511	108.69
512	108.69
513	108.69
514	108.69
515	108.69
516	108.92
517	108.92
518	108.92
519	108.92
520	108.92
521	108.92
522	108.92
523	108.92
524	108.92
525	108.92
526	108.92
527	108.92
528	108.92
529	109.15
530	109.15
531	109.15
532	109.15
533	109.15
534	109.15
535	109.15
536	109.15
537	109.15
538	109.15
539	109.15
540	109.15
541	109.15
542	109.15
543	109.15
544	109.38
545	109.38
546	109.38
547	109.38
548	109.38
549	109.38
550	109.38
551	109.38
552	109.38
553	109.38
554	109.38
555	109.38
556	109.38
557	109.38
558	109.38
559	109.38
560	109.61
561	109.61
562	109.61
563	109.61
564	109.61
565	109.61
566	109.61
567	109.61
568	109.61
569	109.61
570	109.61
571	109.61
572	109.61
573	109.61
574	109.61
575	109.61
576	109.61
577	109.61
578	109.85
579	109.85
580	#VALUE!
581	109.85
582	109.85
583	#VALUE!
584	#VALUE!
585	109.85
586	#VALUE!
587	#VALUE!
588	#VALUE!
589	#VALUE!
590	109.85
591	109.85
592	109.85
593	109.85
594	109.85
595	109.85
596	109.85
597	110.08
598	110.08
599	110.08
600	110.08
601	110.08
602	110.08
603	110.08
604	110.08
605	#VALUE!
606	110.08
607	110.08
608	110.08
609	#VALUE!
610	110.08
611	110.08
612	110.08
613	110.08
614	110.08
615	110.08
616	110.08
617	110.31
618	110.31
619	#VALUE!
620	#VALUE!
621	110.31
622	#VALUE!
623	110.31
624	110.31
625	110.31
626	110.31
627	110.31
628	110.31
629	110.31
630	110.31
631	110.31
632	110.31
633	110.31
634	110.31
635	110.31
636	110.31
637	110.31
638	110.54
639	110.31
640	110.31
641	110.54
642	110.54
643	110.54
644	110.54
645	110.54
646	110.54
647	110.54
648	110.54
649	110.54
650	110.54
651	110.54
652	110.54
653	110.54
654	110.54
655	110.54
656	110.54
657	110.54
658	110.54
659	110.54
660	110.54
661	110.54
662	110.54
663	110.54
664	110.54
665	110.54
666	110.54
667	110.54
668	110.54
669	#VALUE!
670	110.54
671	110.54
672	110.54
673	110.54
674	110.54
675	110.54
676	110.54
677	110.54
678	110.78
679	110.78
680	110.54
681	110.78
682	110.78
683	110.78
684	110.78
685	110.78
686	110.78
687	110.78
688	110.78
689	110.78
690	110.78
691	110.78
692	110.78
693	110.78
694	110.78
695	110.78
696	110.78
697	110.78
698	110.78
699	110.78
700	110.78
701	110.78
702	110.78
703	110.78
704	110.78
705	110.78
706	110.78
707	110.78
708	110.78
709	110.78
710	110.78
711	110.78
712	110.78
713	110.78
714	110.78
715	110.78
716	110.78
717	110.78
718	110.78
719	110.78
720	110.78
721	110.78
722	110.78
723	110.78
724	110.78
725	110.78
726	110.78
727	110.78
728	110.78
729	110.78
730	110.78
731	110.78
732	110.78
733	110.78
734	110.78
735	110.78
736	110.78
737	110.78
738	110.78
739	110.78
740	110.78
741	110.78
742	110.78
743	110.78
744	110.78
745	110.78
746	#VALUE!
747	110.78
748	110.78
749	110.78
750	110.78
751	110.78
752	110.78
753	#VALUE!
754	110.78
755	110.78
756	110.78
757	110.78
758	110.78
759	110.78
760	110.78
761	110.78
762	110.78
763	110.78
764	110.78
765	111.01
766	110.78
767	110.78
768	110.78
769	110.78
770	110.78
771	110.78
772	110.78
773	110.78
774	110.78
775	111.01
776	110.78
777	#VALUE!
778	111.01
779	110.78
780	110.78
781	110.78
782	110.78
783	110.78
784	#VALUE!
785	110.78
786	110.78
787	110.78
788	110.78
789	110.78
790	110.78
791	110.78
792	110.78
793	110.78
794	#VALUE!
795	110.78
796	110.78
797	#VALUE!
798	110.78
799	110.78
800	#VALUE!
801	110.78
802	110.78
803	110.78
804	110.78
805	110.78
806	110.78
807	110.78
808	#VALUE!
809	110.78
810	110.78
811	110.78
812	110.78
813	110.78
814	110.78
815	110.78
816	110.78
817	110.78
818	110.78
819	110.78
820	110.78
821	110.78
822	110.78
823	110.78
824	110.78
825	110.78
826	110.78
827	110.78
828	110.78
829	110.78
830	110.78
831	110.78
832	110.78
833	110.78
834	110.78
835	110.78
836	110.78
837	110.78
838	110.78
839	110.78
840	110.78
841	110.78
842	110.78
843	110.78
844	110.78
845	110.78
846	110.78
847	110.78
848	110.78
849	110.78
850	110.78
851	110.78
852	110.78
853	110.78
854	110.78
855	110.78
856	110.78
857	110.78
858	110.78
859	110.78
860	110.78
861	110.78
862	110.78
863	110.78
864	110.78
865	110.78
866	110.54
867	110.78
868	110.54
869	110.54
870	110.54
871	110.54
872	110.54
873	110.54
874	110.54
875	110.54
876	110.54
877	110.54
878	110.54
879	110.54
880	110.54
881	110.54
882	110.54
883	110.54
884	110.54
885	110.54
886	110.54
887	110.54
888	110.54
889	110.54
890	110.54
891	110.54
892	#VALUE!
893	110.54
894	110.54
895	110.54
896	110.54
897	110.54
898	110.54
899	110.54
900	110.54
901	110.54
902	#VALUE!
903	110.54
904	110.54
905	110.54
906	#VALUE!
907	#VALUE!
908	#VALUE!
909	#VALUE!
910	110.54
911	#VALUE!
912	110.31
913	#VALUE!
914	#VALUE!
915	110.31
916	110.31
917	110.31
918	110.31
919	110.31
920	#VALUE!
921	110.31
922	110.31
923	110.31
924	110.31
925	110.31
926	110.31
927	110.31
928	110.31
929	#VALUE!
930	110.31
931	110.31
932	#VALUE!
933	110.31
934	#VALUE!
935	110.31
936	110.31
937	110.31
938	110.31
939	110.31
940	110.31
941	110.31
942	110.31
943	110.31
944	110.31
945	110.31
946	110.31
947	110.31
948	110.31
949	110.31
950	110.31
951	110.31
952	110.31
953	110.31
954	#VALUE!
955	110.08
956	110.08
957	110.08
958	110.08
959	110.08
960	110.08
961	110.08
962	110.08
963	110.08
964	110.08
965	110.08
966	110.08
967	110.08
968	110.08
969	110.08
970	110.08
971	110.08
972	110.08
973	110.08
974	#VALUE!
975	#VALUE!
976	110.08
977	110.08
978	110.08
979	110.08
980	110.08
981	110.08
982	110.08
983	110.08
984	109.85
985	109.85
986	109.85
987	109.85
988	109.85
989	109.85
990	109.85
991	109.85
992	109.85
993	109.85
994	#VALUE!
995	109.85
996	109.85
997	109.85
998	109.85
999	109.85
1000	109.85
1001	109.85
1002	109.85
1003	109.85
1004	109.85
1005	109.85
1006	109.85
1007	109.85
1008	109.85
1009	109.85
1010	109.85
1011	109.85
1012	109.85
1013	109.85
1014	109.85
1015	109.85
1016	109.85
1017	109.85
1018	109.61
1019	109.61
1020	109.85
1021	109.61
1022	109.61
1023	109.61
1024	109.61
1025	109.61
1026	109.61
1027	109.61
1028	109.61
1029	109.61
1030	109.61
1031	109.61
1032	109.61
1033	109.61
1034	109.61
1035	109.61
1036	109.61
1037	109.61
1038	109.61
1039	109.61
1040	109.61
1041	109.61
1042	109.61
1043	109.61
1044	109.61
1045	109.61
1046	109.61
1047	109.61
1048	109.61
1049	109.61
1050	109.61
1051	109.61
1052	109.61
1053	109.38
1054	109.61
1055	109.38
1056	109.38
1057	109.38
1058	109.38
1059	109.38
1060	109.38
1061	109.38
1062	109.38
1063	109.38
1064	109.38
1065	109.38
1066	109.38
1067	109.38
1068	109.38
1069	109.38
1070	109.38
1071	109.38
1072	109.38
1073	109.38
1074	109.38
1075	109.38
1076	109.38
1077	109.38
1078	109.38
1079	109.38
1080	109.38
1081	109.38
1082	109.38
1083	109.15
1084	109.15
1085	109.15
1086	109.15
1087	109.15
1088	109.15
1089	109.15
1090	109.15
1091	109.15
1092	109.15
1093	109.15
1094	109.15
1095	109.15
1096	109.15
1097	109.15
1098	109.15
1099	109.15
1100	109.15
1101	109.15
1102	109.15
1103	109.15
1104	109.15
1105	109.15
1106	109.15
1107	108.92
1108	109.15
1109	108.92
1110	109.15
1111	108.92
1112	108.92
1113	108.92
1114	108.92
1115	108.92
1116	108.92
1117	108.92
1118	108.92
1119	108.92
1120	108.92
1121	108.92
1122	108.92
1123	108.92
1124	108.92
1125	108.92
1126	108.92
1127	108.92
1128	108.92
1129	108.92
1130	108.92
1131	108.92
1132	108.92
1133	108.92
1134	108.92
1135	108.92
1136	108.69
1137	108.69
1138	108.69
1139	108.69
1140	108.69
1141	108.69
1142	108.69
1143	108.69
1144	108.69
1145	108.69
1146	108.69
1147	108.69
1148	108.69
1149	108.69
1150	108.69
1151	108.69
1152	108.69
1153	108.69
1154	108.69
1155	108.69
1156	108.69
1157	108.69
1158	108.69
1159	108.69
1160	108.69
1161	108.69
1162	108.69
1163	108.69
1164	108.47
1165	108.47
1166	108.69
1167	108.47
1168	108.47
1169	108.47
1170	108.47
1171	108.47
1172	108.47
1173	108.47
1174	108.47
1175	108.47
1176	108.47
1177	108.47
1178	108.47
1179	108.47
1180	108.47
1181	108.47
1182	108.47
1183	108.47
1184	108.47
1185	108.47
1186	108.47
1187	108.47
1188	108.47
1189	108.47
1190	108.47
1191	108.47
1192	108.24
1193	108.47
1194	108.24
1195	108.24
1196	108.24
1197	108.24
1198	108.24
1199	108.24
1200	108.24
1201	#VALUE!
1202	108.24
1203	108.24
1204	108.24
1205	108.24
1206	#VALUE!
1207	#VALUE!
1208	108.24
1209	#VALUE!
1210	108.24
1211	108.24
1212	108.24
1213	108.24
1214	108.24
1215	108.24
1216	108.24
1217	108.24
1218	108.24
1219	108.24
1220	108.24
1221	108.24
1222	#VALUE!
1223	108.01
1224	108.01
1225	108.01
1226	#VALUE!
1227	#VALUE!
1228	#VALUE!
1229	108.01
1230	108.01
1231	#VALUE!
1232	108.01
1233	108.01
1234	108.01
1235	108.01
1236	108.01
1237	108.01
1238	108.01
1239	108.01
1240	108.01
1241	108.01
1242	108.01
1243	108.01
1244	#VALUE!
1245	108.01
1246	108.01
1247	108.01
1248	108.01
1249	108.01
1250	108.01
1251	#VALUE!
1252	108.01
1253	108.01
1254	107.78
1255	#VALUE!
1256	107.78
1257	#VALUE!
1258	107.78
1259	107.78
1260	107.78
1261	107.78
1262	107.78
1263	107.78
1264	107.78
1265	107.78
1266	107.78
1267	107.78
1268	107.78
1269	#VALUE!
1270	107.78
1271	107.78
1272	107.78
1273	107.78
1274	107.78
1275	107.78
1276	107.78
1277	107.78
1278	107.78
1279	107.78
1280	107.78
1281	107.78
1282	#VALUE!
1283	107.78
1284	107.78
1285	107.55
1286	#VALUE!
1287	107.55
1288	107.55
1289	107.55
1290	107.55
1291	107.55
1292	107.55
1293	107.55
1294	107.55
1295	107.55
1296	#VALUE!
1297	107.55
1298	107.55
1299	107.55
1300	107.55
1301	107.55
1302	#VALUE!
1303	107.55
1304	107.55
1305	107.55
1306	107.55
1307	107.55
1308	107.55
1309	107.55
1310	107.55
1311	107.55
1312	#VALUE!
1313	#VALUE!
1314	107.55
1315	107.55
1316	107.33
1317	107.33
1318	107.33
1319	107.33
1320	107.33
1321	107.33
1322	107.33
1323	107.33
1324	#VALUE!
1325	107.33
1326	107.33
1327	107.33
1328	107.33
1329	107.33
1330	107.33
1331	107.33
1332	107.33
1333	#VALUE!
1334	107.33
1335	#VALUE!
1336	107.33
1337	107.33
1338	107.33
1339	#VALUE!
1340	107.33
1341	#VALUE!
1342	107.33
1343	107.33
1344	107.33
1345	107.33
1346	107.1
1347	107.1
1348	107.1
1349	#VALUE!
1350	#VALUE!
1351	#VALUE!
1352	107.1
1353	107.1
1354	107.1
1355	107.1
1356	#VALUE!
1357	107.1
1358	107.1
1359	107.1
1360	107.1
1361	107.1
1362	107.1
1363	107.1
1364	107.1
1365	107.1
1366	107.1
1367	107.1
1368	#VALUE!
1369	107.1
1370	107.1
1371	#VALUE!
1372	107.1
1373	#VALUE!
1374	106.88
1375	106.88
1376	106.88
1377	106.88
1378	106.88
1379	106.88
1380	106.88
1381	106.88
1382	106.88
1383	106.88
1384	106.88
1385	106.88
1386	106.88
1387	106.88
1388	106.88
1389	106.88
1390	106.88
1391	#VALUE!
1392	106.88
1393	#VALUE!
1394	#VALUE!
1395	#VALUE!
1396	#VALUE!
1397	106.88
1398	106.88
1399	106.88
1400	106.88
1401	106.88
1402	106.88
1403	106.88
1404	106.88
1405	106.88
1406	106.88
1407	106.65
1408	106.88
1409	106.88
1410	106.65
1411	106.65
1412	106.65
1413	106.65
1414	106.65
1415	106.65
1416	106.65
1417	106.65
1418	106.65
1419	106.65
1420	106.65
1421	106.65
1422	106.65
1423	106.65
1424	106.65
1425	106.65
1426	106.65
1427	106.65
1428	106.65
1429	106.65
1430	106.65
1431	106.65
1432	106.65
1433	106.65
1434	106.65
1435	106.65
1436	106.65
1437	106.65
1438	106.65
1439	106.65
1440	106.43
1441	106.43
1442	106.43
1443	106.43
1444	106.43
1445	106.43
1446	106.43
1447	106.43
1448	106.43
1449	106.43
1450	106.43
1451	106.43
1452	106.43
1453	106.43
1454	106.43
1455	106.43
1456	106.43
1457	106.43
1458	106.43
1459	106.43
1460	106.43
1461	106.43
1462	106.43
1463	106.43
1464	106.43
1465	106.43
1466	106.43
1467	106.43
1468	106.43
1469	106.43
1470	106.2
1471	106.2
1472	106.2
1473	106.2
1474	106.2
1475	106.2
1476	106.2
1477	106.2
1478	106.2
1479	106.2
1480	106.2
1481	106.2
1482	106.2
1483	106.2
1484	106.2
1485	106.2
1486	106.2
1487	106.2
1488	106.2
1489	106.2
1490	106.2
1491	106.2
1492	106.2
1493	106.2
1494	106.2
1495	106.2
1496	106.2
1497	105.98
1498	105.98
1499	105.98
1500	105.98
1501	105.98
1502	105.98
1503	105.98
1504	105.98
1505	105.98
1506	105.98
1507	105.98
1508	105.98
1509	105.98
1510	105.98
1511	105.98
1512	105.98
1513	105.98
1514	105.98
1515	105.98
1516	105.98
1517	105.98
1518	105.98
1519	105.98
1520	105.98
1521	105.98
1522	105.98
1523	105.98
1524	105.98
1525	105.98
1526	105.76
1527	105.76
1528	105.76
1529	105.76
1530	105.76
1531	105.76
1532	105.76
1533	105.76
1534	105.76
1535	105.76
1536	105.76
1537	105.76
1538	105.76
1539	105.76
1540	105.76
1541	105.76
1542	105.76
1543	105.76
1544	105.76
1545	105.76
1546	105.76
1547	105.76
1548	105.76
1549	105.76
1550	105.76
1551	105.76
1552	105.76
1553	105.76
1554	105.76
1555	105.76
1556	105.76
1557	105.76
1558	105.76
1559	105.53
1560	105.76
1561	105.53
1562	105.53
1563	105.53
1564	105.53
1565	105.53
1566	105.53
1567	105.53
1568	105.53
1569	105.53
1570	105.53
1571	105.53
1572	105.53
1573	105.53
1574	105.53
1575	105.53
1576	105.53
1577	105.53
1578	105.53
1579	105.53
1580	105.53
1581	105.53
1582	105.53
1583	105.53
1584	105.53
1585	105.53
1586	105.53
1587	105.53
1588	105.53
1589	105.53
1590	105.53
1591	105.53
1592	105.53
1593	105.53
1594	105.53
1595	105.31
1596	105.53
1597	105.31
1598	105.31
1599	105.31
1600	105.31
1601	105.31
1602	105.31
1603	105.31
1604	105.31
1605	105.31
1606	105.31
1607	105.31
1608	105.31
1609	105.31
1610	105.31
1611	105.31
1612	105.31
1613	105.31
1614	105.31
1615	105.31
1616	105.31
1617	105.31
1618	105.31
1619	105.31
1620	105.31
1621	105.31
1622	105.31
1623	105.09
1624	105.31
1625	105.31
1626	105.09
1627	105.09
1628	105.09
1629	105.09
1630	105.09
1631	105.09
1632	105.09
1633	105.09
1634	105.09
1635	105.09
1636	105.09
1637	105.09
1638	105.09
1639	105.09
1640	105.09
1641	105.09
1642	105.09
1643	105.09
1644	105.09
1645	105.09
1646	105.09
1647	105.09
1648	105.09
1649	105.09
1650	105.09
1651	105.09
1652	105.09
1653	105.09
1654	105.09
1655	105.09
1656	105.09
1657	104.87
1658	104.87
1659	104.87
1660	104.87
1661	104.87
1662	104.87
1663	104.87
1664	104.87
1665	104.87
1666	104.87
1667	104.87
1668	104.87
1669	104.87
1670	104.87
1671	104.87
1672	104.87
1673	104.87
1674	104.87
1675	104.87
1676	104.87
1677	104.87
1678	104.87
1679	104.87
1680	104.87
1681	104.87
1682	104.87
1683	104.87
1684	104.87
1685	104.87
1686	104.87
1687	104.87
1688	104.87
1689	104.87
1690	104.87
1691	104.87
1692	104.87
1693	104.87
1694	104.87
1695	104.87
1696	104.65
1697	104.65
1698	104.65
1699	104.65
1700	104.65
1701	104.65
1702	104.65
1703	104.65
1704	104.65
1705	104.65
1706	104.65
1707	104.65
1708	104.65
1709	104.65
1710	104.65
1711	104.65
1712	104.65
1713	104.65
1714	104.65
1715	104.65
1716	104.65
1717	104.65
1718	104.65
1719	104.65
1720	104.65
1721	104.65
1722	104.65
1723	104.65
1724	104.65
1725	104.65
1726	104.65
1727	104.65
1728	104.43
1729	104.43
1730	104.43
1731	104.43
1732	104.43
1733	104.43
1734	104.43
1735	104.43
1736	104.43
1737	104.43
1738	104.43
1739	104.43
1740	104.43
1741	104.43
1742	104.43
1743	104.43
1744	104.43
1745	104.43
1746	104.43
1747	104.43
1748	104.43
1749	104.43
1750	104.43
1751	104.43
1752	104.43
1753	104.43
1754	104.43
1755	104.43
1756	104.21
1757	104.21
1758	104.21
1759	104.21
1760	104.21
1761	104.21
1762	104.21
1763	104.21
1764	104.21
1765	104.21
1766	104.21
1767	104.21
1768	104.21
1769	104.21
1770	104.21
1771	104.21
1772	104.21
1773	104.21
1774	104.21
1775	104.21
1776	104.21
1777	104.21
1778	104.21
1779	104.21
1780	104.21
1781	104.21
1782	104.21
1783	104.21
1784	104.21
1785	103.99
1786	103.99
1787	103.99
1788	103.99
1789	103.99
1790	103.99
1791	103.99
1792	103.99
1793	103.99
1794	103.99
1795	103.99
1796	103.99
1797	103.99
1798	103.99
1799	103.99
1800	103.99
1801	103.99
1802	103.99
1803	103.99
1804	103.99
1805	103.99
1806	103.99
1807	103.99
1808	103.99
1809	103.99
1810	103.99
1811	103.99
1812	103.99
1813	103.99
1814	103.77
1815	103.77
1816	103.77
1817	103.77
1818	103.77
1819	103.77
1820	103.77
1821	103.77
1822	103.77
1823	103.77
1824	103.77
1825	103.77
1826	103.77
1827	103.77
1828	103.77
1829	103.77
1830	103.77
1831	103.77
1832	103.77
1833	103.77
1834	103.77
1835	103.77
1836	103.77
1837	103.77
1838	103.55
1839	103.77
1840	103.77
1841	103.55
1842	103.55
1843	103.55
1844	103.55
1845	103.55
1846	103.55
1847	103.55
1848	103.55
1849	103.55
1850	103.55
1851	103.55
1852	103.55
1853	103.55
1854	103.55
1855	103.55
1856	103.55
1857	103.55
1858	103.55
1859	103.55
1860	103.55
1861	103.55
1862	103.55
1863	103.55
1864	103.55
1865	103.55
1866	103.55
1867	103.33
1868	103.33
1869	103.33
1870	103.33
1871	103.33
1872	103.33
1873	103.33
1874	103.33
1875	103.33
1876	103.33
1877	103.33
1878	103.33
1879	103.33
1880	103.33
1881	103.33
1882	103.33
1883	103.33
1884	103.33
1885	103.33
1886	103.33
1887	103.33
1888	103.33
1889	103.33
1890	103.33
1891	103.33
1892	103.33
1893	103.33
1894	103.33
1895	103.33
1896	103.11
1897	103.11
1898	103.11
1899	103.11
1900	103.11
1901	103.11
1902	103.11
1903	103.11
1904	103.11
1905	103.11
1906	103.11
1907	103.11
1908	103.11
1909	103.11
1910	103.11
1911	103.11
1912	103.11
1913	103.11
1914	103.11
1915	103.11
1916	103.11
1917	103.11
1918	103.11
1919	103.11
1920	103.11
1921	103.11
1922	103.11
1923	102.89
1924	102.89
1925	102.89
1926	102.89
1927	102.89
1928	102.89
1929	102.89
1930	102.89
1931	102.89
1932	102.89
1933	102.89
1934	102.89
1935	102.89
1936	102.89
1937	102.89
1938	102.89
1939	102.89
1940	#VALUE!
1941	102.89
1942	102.89
1943	#VALUE!
1944	102.89
1945	102.89
1946	102.68
1947	102.89
1948	102.68
1949	102.68
1950	102.68
1951	102.68
1952	102.68
1953	102.68
1954	102.68
1955	102.68
1956	102.68
1957	102.68
1958	102.68
1959	102.68
1960	102.68
1961	102.68
1962	102.68
1963	102.68
1964	102.68
1965	102.68
1966	102.68
1967	102.68
1968	#VALUE!
1969	102.68
1970	102.68
1971	102.68
1972	102.68
1973	102.68
1974	102.68
1975	102.68
1976	102.68
1977	102.46
1978	102.46
1979	102.46
1980	102.46
1981	102.46
1982	102.46
1983	102.46
1984	102.46
1985	102.46
1986	102.46
1987	102.46
1988	102.46
1989	102.46
1990	102.46
1991	102.46
1992	#VALUE!
1993	102.46
1994	102.46
1995	102.46
1996	102.46
1997	102.46
1998	102.46
1999	102.46
2000	102.46
2001	102.46
2002	#VALUE!
2003	102.46
2004	102.46
2005	102.46
2006	102.46
2007	102.46
2008	102.46
2009	#VALUE!
2010	#VALUE!
2011	#VALUE!
2012	#VALUE!
2013	#VALUE!
2014	102.24
2015	#VALUE!
2016	102.24
2017	102.24
2018	#VALUE!
2019	#VALUE!
2020	102.24
2021	#VALUE!
2022	#VALUE!
2023	102.24
2024	102.24
2025	102.24
2026	102.24
2027	102.24
2028	102.24
2029	102.24
2030	102.24
2031	102.24
2032	102.24
2033	102.24
2034	102.24
2035	102.24
2036	102.24
2037	102.24
2038	102.24
2039	102.24
2040	102.24
2041	102.24
2042	102.24
2043	102.24
2044	102.03
2045	102.03
2046	102.03
2047	102.03
2048	102.03
2049	102.03
2050	102.03
2051	102.03
2052	102.03
2053	102.03
2054	102.03
2055	102.03
2056	102.03
2057	102.03
2058	102.03
2059	102.03
2060	102.03
2061	102.03
2062	102.03
2063	102.03
2064	102.03
2065	102.03
2066	102.03
2067	102.03
2068	102.03
2069	102.03
2070	101.81
2071	102.03
2072	101.81
2073	101.81
2074	101.81
2075	101.81
2076	101.81
2077	101.81
2078	101.81
2079	101.81
2080	101.81
2081	101.81
2082	101.81
2083	101.81
2084	101.81
2085	101.81
2086	101.81
2087	101.81
2088	101.81
2089	101.81
2090	101.81
2091	101.81
2092	101.81
2093	101.81
2094	101.81
2095	101.59
2096	101.59
2097	101.59
2098	101.59
2099	101.59
2100	101.59
2101	101.59
2102	101.59
2103	101.59
2104	101.59
2105	101.59
2106	101.59
2107	101.59
2108	101.59
2109	101.59
2110	101.59
2111	101.59
2112	101.59
2113	101.59
2114	101.59
2115	101.59
2116	101.59
2117	101.59
2118	101.59
2119	101.38
2120	101.38
2121	101.38
2122	101.38
2123	101.38
2124	101.38
2125	101.38
2126	101.38
2127	101.38
2128	101.38
2129	101.38
2130	101.38
2131	101.38
2132	101.38
2133	101.38
2134	101.38
2135	101.38
2136	101.38
2137	101.38
2138	101.38
2139	101.38
2140	101.38
2141	#VALUE!
2142	#VALUE!
2143	#VALUE!
2144	#VALUE!
2145	#VALUE!
2146	#VALUE!
2147	#VALUE!
2148	#VALUE!
2149	101.17
2150	101.17
2151	101.17
2152	101.17
2153	101.17
2154	101.17
2155	101.17
2156	101.17
2157	101.17
2158	101.17
2159	101.17
2160	101.17
2161	101.17
2162	101.17
2163	101.17
2164	100.95
2165	100.95
2166	100.95
2167	100.95
2168	100.95
2169	100.95
2170	100.95
2171	100.95
2172	100.95
2173	100.95
2174	100.95
2175	100.95
2176	100.95
2177	100.95
2178	100.95
2179	100.95
2180	100.95
2181	100.95
2182	100.95
2183	100.95
2184	100.95
2185	100.95
2186	100.95
2187	100.95
2188	100.95
2189	100.95
2190	100.74
2191	100.74
2192	100.74
2193	100.74
2194	100.74
2195	100.74
2196	100.74
2197	100.74
2198	100.74
2199	100.74
2200	100.74
2201	100.74
2202	100.74
2203	100.74
2204	100.74
2205	100.74
2206	100.74
2207	100.74
2208	100.74
2209	100.74
2210	100.74
2211	100.74
2212	100.74
2213	100.74
2214	100.74
2215	100.74
2216	100.74
2217	100.74
2218	100.52
2219	100.52
2220	100.52
2221	100.52
2222	100.52
2223	100.52
2224	100.52
2225	100.52
2226	100.52
2227	100.52
2228	100.52
2229	100.52
2230	100.52
2231	100.52
2232	100.52
2233	100.52
2234	100.52
2235	100.52
2236	100.52
2237	100.52
2238	100.52
2239	100.52
2240	100.52
2241	100.52
2242	100.52
2243	100.31
2244	100.31
2245	100.31
2246	100.31
2247	100.31
2248	100.31
2249	100.31
2250	100.31
2251	100.31
2252	100.31
2253	100.31
2254	100.31
2255	100.31
2256	100.31
2257	100.31
2258	100.31
2259	100.31
2260	100.31
2261	100.31
2262	100.31
2263	100.31
2264	100.31
2265	100.31
2266	100.31
2267	100.31
2268	100.31
2269	100.1
2270	100.31
2271	100.1
2272	100.1
2273	100.1
2274	100.1
2275	100.1
2276	100.1
2277	100.1
2278	100.1
2279	100.1
2280	100.1
2281	100.1
2282	100.1
2283	100.1
2284	100.1
2285	100.1
2286	100.1
2287	100.1
2288	100.1
2289	100.1
2290	100.1
2291	99.89
2292	99.89
2293	99.89
2294	100.1
2295	99.89
2296	99.89
2297	99.89
2298	99.89
2299	99.89
2300	99.89
2301	99.89
2302	99.89
2303	99.89
2304	99.89
2305	99.89
2306	99.89
2307	99.89
2308	99.89
2309	99.89
2310	99.89
2311	99.89
2312	99.89
2313	99.89
2314	99.89
2315	99.89
2316	99.89
2317	99.89
2318	99.89
2319	99.67
2320	99.89
2321	99.67
2322	99.67
2323	99.67
2324	99.67
2325	99.67
2326	99.67
2327	99.67
2328	99.67
2329	99.67
2330	99.67
2331	99.67
2332	99.67
2333	99.67
2334	99.67
2335	99.67
2336	99.67
2337	99.67
2338	99.67
2339	99.67
2340	99.67
2341	99.67
2342	99.67
2343	99.67
2344	99.67
2345	99.67
2346	99.46
2347	99.46
2348	99.46
2349	99.46
2350	99.46
2351	99.46
2352	99.46
2353	99.46
2354	99.46
2355	99.46
2356	99.46
2357	99.46
2358	99.46
2359	99.46
2360	99.46
2361	99.46
2362	99.46
2363	99.46
2364	99.46
2365	99.46
2366	99.46
2367	99.46
2368	99.46
2369	99.46
2370	99.46
2371	99.46
2372	99.46
2373	99.25
2374	99.46
2375	99.25
2376	99.25
2377	99.25
2378	99.25
2379	99.25
2380	99.25
2381	99.25
2382	99.25
2383	99.25
2384	99.25
2385	99.25
2386	99.25
2387	99.25
2388	99.25
2389	99.25
2390	99.25
2391	99.25
2392	99.25
2393	99.25
2394	99.25
2395	99.25
2396	99.25
2397	99.25
2398	99.25
2399	99.25
2400	99.25
2401	99.25
2402	99.04
2403	99.04
2404	99.04
2405	99.04
2406	99.04
2407	99.04
2408	99.04
2409	99.04
2410	99.04
2411	99.04
2412	99.04
2413	99.04
2414	99.04
2415	99.04
2416	99.04
2417	99.04
2418	99.04
2419	99.04
2420	99.04
2421	99.04
2422	99.04
2423	99.04
2424	99.04
2425	99.04
2426	99.04
2427	99.04
2428	99.04
2429	99.04
2430	99.04
2431	99.04
2432	98.83
2433	98.83
2434	98.83
2435	98.83
2436	98.83
2437	98.83
2438	98.83
2439	98.83
2440	98.83
2441	98.83
2442	98.83
2443	98.83
2444	98.83
2445	98.83
2446	98.83
2447	98.83
2448	98.83
2449	98.83
2450	98.83
2451	98.83
2452	98.83
2453	98.83
2454	98.83
2455	98.83
2456	98.83
2457	98.83
2458	98.83
2459	98.83
2460	98.83
2461	98.83
2462	98.83
2463	98.62
2464	98.83
2465	98.62
2466	98.62
2467	98.62
2468	98.62
2469	98.62
2470	98.62
2471	98.62
2472	98.62
2473	98.62
2474	98.62
2475	98.62
2476	98.62
2477	98.62
2478	98.62
2479	98.62
2480	98.62
2481	98.62
2482	98.62
2483	98.62
2484	98.62
2485	98.62
2486	98.62
2487	98.62
2488	98.62
2489	98.62
2490	98.62
2491	98.62
2492	98.41
2493	98.41
2494	98.41
2495	98.41
2496	98.41
2497	98.41
2498	98.41
2499	98.41
2500	98.41
2501	98.41
2502	98.41
2503	98.41
2504	98.41
2505	98.41
2506	98.41
2507	98.41
2508	98.41
2509	98.41
2510	98.41
2511	98.41
2512	98.41
2513	98.41
2514	98.41
2515	98.41
2516	98.41
2517	98.41
2518	98.41
2519	98.41
2520	98.41
2521	98.41
2522	98.2
2523	98.2
2524	98.2
2525	98.2
2526	98.2
2527	98.2
2528	98.2
2529	98.2
2530	98.2
2531	98.2
2532	98.2
2533	98.2
2534	98.2
2535	98.2
2536	98.2
2537	98.2
2538	98.2
2539	98.2
2540	98.2
2541	98.2
2542	98.2
2543	98.2
2544	98.2
2545	98.2
2546	98.2
2547	98.2
2548	98.2
2549	98.2
2550	98.2
2551	98.2
2552	98.2
2553	98.2
2554	98.2
2555	98.2
2556	98.2
2557	97.99
2558	97.99
2559	97.99
2560	97.99
2561	97.99
2562	97.99
2563	97.99
2564	97.99
2565	97.99
2566	97.99
2567	97.99
2568	97.99
2569	97.99
2570	97.99
2571	97.99
2572	97.99
2573	97.99
2574	97.99
2575	97.99
2576	97.99
2577	97.99
2578	97.99
2579	97.99
2580	97.99
2581	97.99
2582	97.99
2583	97.99
2584	97.99
2585	97.99
2586	97.99
2587	97.99
2588	97.99
2589	97.78
2590	97.78
2591	97.78
2592	97.78
2593	97.78
2594	97.78
2595	97.78
2596	97.78
2597	97.78
2598	97.78
2599	97.78
2600	97.78
2601	97.78
2602	97.78
2603	97.78
2604	97.78
2605	97.78
2606	97.78
2607	97.78
2608	97.78
2609	97.78
2610	97.78
2611	97.78
2612	97.78
2613	97.78
2614	97.78
2615	97.78
2616	97.78
2617	97.78
2618	97.78
2619	97.78
2620	97.57
2621	97.57
2622	97.57
2623	97.57
2624	97.57
2625	97.57
2626	97.57
2627	97.57
2628	97.57
2629	97.57
2630	97.57
2631	97.57
2632	97.57
2633	97.57
2634	97.57
2635	97.57
2636	97.57
2637	97.57
2638	97.57
2639	97.57
2640	97.57
2641	97.57
2642	97.57
2643	97.57
2644	97.57
2645	97.57
2646	97.57
2647	97.57
2648	97.57
2649	97.36
2650	97.57
2651	97.57
2652	97.57
2653	97.36
2654	97.36
2655	97.36
2656	97.36
2657	97.36
2658	97.36
2659	97.36
2660	97.36
2661	97.36
2662	97.36
2663	97.36
2664	97.36
2665	97.36
2666	97.36
2667	97.36
2668	97.36
2669	97.36
2670	97.36
2671	97.36
2672	97.36
2673	97.36
2674	97.36
2675	97.36
2676	97.36
2677	97.36
2678	97.36
2679	97.36
2680	97.36
2681	97.36
2682	97.36
2683	97.36
2684	97.36
2685	97.16
2686	97.36
2687	97.16
2688	97.16
2689	97.16
2690	97.16
2691	97.16
2692	97.16
2693	97.16
2694	97.16
2695	97.16
2696	97.16
2697	97.16
2698	97.16
2699	97.16
2700	97.16
2701	97.16
2702	97.16
2703	97.16
2704	97.16
2705	97.16
2706	97.16
2707	97.16
2708	97.16
2709	97.16
2710	97.16
2711	97.16
2712	97.16
2713	97.16
2714	97.16
2715	97.16
2716	97.16
2717	97.16
2718	97.16
2719	97.16
2720	97.16
2721	97.16
2722	97.16
2723	96.95
2724	97.16
2725	96.95
2726	96.95
2727	96.95
2728	96.95
2729	96.95
2730	96.95
2731	96.95
2732	96.95
2733	96.95
2734	96.95
2735	96.95
2736	96.95
2737	96.95
2738	96.95
2739	96.95
2740	96.95
2741	96.95
2742	96.95
2743	96.95
2744	96.95
2745	96.95
2746	96.95
2747	96.95
2748	96.95
2749	96.95
2750	96.95
2751	96.95
2752	96.95
2753	96.95
2754	96.95
2755	96.95
2756	96.95
2757	96.95
2758	96.95
2759	96.95
2760	96.95
2761	96.95
2762	96.95
2763	96.95
2764	96.95
2765	96.95
2766	96.95
2767	96.95
2768	96.95
2769	96.95
2770	96.74
2771	96.74
2772	96.74
2773	96.74
2774	96.74
2775	96.74
2776	96.74
2777	96.74
2778	96.74
2779	96.74
2780	96.74
2781	96.74
2782	96.74
2783	96.74
2784	96.74
2785	96.74
2786	96.74
2787	96.74
2788	96.74
2789	96.74
2790	96.74
2791	96.74
2792	96.74
2793	96.74
2794	96.74
2795	96.74
2796	96.74
2797	96.74
2798	96.74
2799	96.74
2800	96.74
2801	96.74
2802	96.74
2803	96.74
2804	96.74
2805	96.74
2806	96.74
2807	96.74
2808	96.53
2809	96.74
2810	96.74
2811	96.53
2812	96.53
2813	96.53
2814	96.53
2815	96.53
2816	96.53
2817	96.53
2818	96.53
2819	96.53
2820	96.53
2821	96.53
2822	96.53
2823	96.53
2824	96.53
2825	96.53
2826	96.53
2827	96.53
2828	96.53
2829	96.53
2830	96.53
2831	96.53
2832	96.53
2833	96.53
2834	96.53
2835	96.53
2836	96.53
2837	96.53
2838	96.53
2839	96.53
2840	96.53
2841	96.53
2842	96.53
2843	96.53
2844	96.53
2845	96.53
2846	96.53
2847	96.53
2848	96.53
2849	96.33
2850	96.33
2851	96.33
2852	96.33
2853	96.33
2854	96.33
2855	96.33
2856	96.33
2857	96.33
2858	96.33
2859	96.33
2860	96.33
2861	96.33
2862	96.33
2863	96.33
2864	96.33
2865	96.33
2866	96.33
2867	96.33
2868	96.33
2869	96.33
2870	96.33
2871	96.33
2872	96.33
2873	96.33
2874	96.33
2875	96.33
2876	96.33
2877	96.33
2878	96.33
2879	96.33
2880	96.33
2881	96.33
2882	96.33
2883	96.33
2884	96.33
2885	96.33
2886	96.33
2887	96.33
2888	96.33
2889	96.12
2890	96.12
2891	96.12
2892	96.12
2893	96.12
2894	96.12
2895	96.12
2896	96.12
2897	96.12
2898	96.12
2899	96.12
2900	96.12
2901	96.12
2902	96.12
2903	96.12
2904	96.12
2905	96.12
2906	96.12
2907	96.12
2908	96.12
2909	96.12
2910	96.12
2911	96.12
2912	96.12
2913	96.12
2914	96.12
2915	96.12
2916	96.12
2917	96.12
2918	96.12
2919	96.12
2920	96.12
2921	96.12
2922	96.12
2923	96.12
2924	96.12
2925	96.12
2926	96.12
2927	95.91
2928	95.91
2929	95.91
2930	95.91
2931	95.91
2932	95.91
2933	95.91
2934	95.91
2935	95.91
2936	95.91
2937	95.91
2938	95.91
2939	95.91
2940	95.91
2941	95.91
2942	95.91
2943	95.91
2944	95.91
2945	95.91
2946	95.91
2947	95.91
2948	95.91
2949	95.91
2950	95.91
2951	95.91
2952	95.91
2953	95.91
2954	95.91
2955	95.91
2956	95.91
2957	95.91
2958	95.91
2959	95.91
2960	95.91
2961	95.91
2962	95.91
2963	95.91
2964	95.71
2965	95.91
2966	95.71
2967	95.71
2968	95.71
2969	95.71
2970	95.71
2971	95.71
2972	95.71
2973	95.71
2974	95.71
2975	95.71
2976	95.71
2977	95.71
2978	95.71
2979	95.71
2980	95.71
2981	95.71
2982	95.71
2983	95.71
2984	95.71
2985	95.71
2986	95.71
2987	95.71
2988	95.71
2989	95.71
2990	95.71
2991	95.71
2992	95.71
2993	95.71
2994	95.71
2995	95.71
2996	95.71
2997	95.71
2998	95.71
2999	95.71
3000	95.71
3001	95.71
3002	95.71
3003	95.71
3004	95.5
3005	95.5
3006	95.71
3007	95.5
3008	95.5
3009	95.5
3010	95.5
3011	95.5
3012	95.5
3013	95.5
3014	95.5
3015	95.5
3016	95.5
3017	95.5
3018	95.5
3019	95.5
3020	95.5
3021	95.5
3022	95.5
3023	95.5
3024	95.5
3025	95.5
3026	95.5
3027	95.5
3028	95.5
3029	95.5
3030	95.5
3031	95.5
3032	95.5
3033	95.5
3034	95.5
3035	95.5
3036	95.5
3037	95.5
3038	95.5
3039	95.3
3040	95.3
3041	95.3
3042	95.3
3043	95.3
3044	95.3
3045	95.3
3046	95.3
3047	95.3
3048	95.3
3049	95.3
3050	95.3
3051	95.3
3052	95.3
3053	95.3
3054	95.3
3055	95.3
3056	95.3
3057	95.3
3058	95.3
3059	95.3
3060	95.3
3061	95.3
3062	95.3
3063	95.3
3064	95.3
3065	95.3
3066	95.3
3067	95.3
3068	95.3
3069	95.3
3070	95.3
3071	95.3
3072	95.3
3073	95.09
3074	95.09
3075	95.09
3076	95.09
3077	95.09
3078	95.09
3079	95.09
3080	95.09
3081	95.09
3082	95.09
3083	95.09
3084	95.09
3085	95.09
3086	95.09
3087	95.09
3088	95.09
3089	95.09
3090	95.09
