## Cup 3 (No Lid) Data

Cup 3: Silver Buffalo Friends Central Perk Ceramic Mug (20oz.)		
Dimensions: 6 x 4.25 x 4 inches; 567 Grams (1.25lbs)       		
NoLid_Data		



TIME	TEMP
0	80.07
1	80.07
2	80.07
3	80.07
4	80.07
5	80.07
6	80.07
7	80.07
8	80.07
9	80.07
10	79.89
11	79.89
12	79.89
13	79.89
14	79.89
15	79.89
16	79.89
17	79.89
18	79.89
19	79.89
20	79.89
21	79.7
22	79.7
23	79.7
24	79.7
25	79.7
26	79.7
27	79.7
28	79.7
29	79.7
30	79.7
31	79.7
32	79.7
33	79.7
34	79.7
35	79.7
36	79.7
37	79.7
38	79.7
39	79.7
40	79.51
41	79.7
42	79.7
43	79.51
44	79.51
45	79.51
46	79.51
47	79.51
48	79.51
49	79.51
50	79.51
51	79.51
52	79.51
53	79.51
54	79.51
55	79.51
56	79.51
57	79.51
58	79.51
59	79.51
60	79.51
61	79.51
62	79.51
63	79.51
64	79.51
65	79.51
66	79.51
67	79.51
68	79.51
69	79.51
70	79.51
71	79.32
72	79.51
73	79.32
74	79.32
75	79.32
76	79.32
77	79.32
78	79.32
79	79.32
80	79.32
81	79.32
82	79.32
83	79.32
84	79.32
85	79.32
86	79.32
87	79.32
88	79.32
89	79.51
90	79.51
91	79.51
92	79.51
93	79.51
94	79.51
95	79.7
96	79.7
97	79.7
98	79.7
99	79.89
100	79.89
101	79.89
102	80.07
103	80.07
104	80.07
105	80.26
106	80.26
107	80.26
108	80.45
109	80.45
110	80.64
111	80.64
112	80.82
113	80.82
114	81.01
115	81.01
116	81.2
117	81.2
118	81.39
119	81.39
120	81.58
121	81.58
122	81.77
123	81.77
124	81.95
125	81.95
126	82.14
127	82.33
128	82.33
129	82.52
130	82.52
131	82.71
132	82.9
133	82.9
134	83.09
135	83.09
136	83.28
137	83.47
138	83.47
139	83.66
140	83.66
141	83.85
142	84.05
143	84.05
144	84.24
145	84.43
146	84.43
147	84.62
148	84.62
149	84.81
150	85
151	85
152	85.19
153	85.19
154	85.39
155	85.58
156	85.58
157	85.77
158	85.97
159	85.97
160	86.16
161	86.16
162	86.35
163	86.54
164	86.54
165	86.74
166	86.93
167	86.93
168	87.13
169	87.13
170	87.32
171	87.52
172	87.52
173	87.71
174	87.71
175	87.91
176	88.1
177	88.1
178	88.3
179	88.3
180	88.49
181	88.69
182	88.69
183	88.88
184	88.88
185	89.08
186	89.08
187	89.28
188	89.47
189	89.47
190	89.67
191	89.67
192	89.87
193	89.87
194	90.07
195	90.07
196	90.26
197	90.46
198	90.46
199	90.66
200	90.66
201	90.86
202	90.86
203	91.06
204	91.06
205	91.26
206	91.26
207	91.46
208	91.46
209	91.66
210	91.66
211	91.86
212	91.86
213	92.06
214	92.06
215	92.26
216	92.26
217	92.46
218	92.46
219	92.66
220	92.66
221	92.86
222	92.86
223	93.06
224	93.06
225	93.26
226	93.26
227	93.47
228	93.47
229	93.47
230	93.67
231	93.67
232	93.87
233	93.87
234	94.07
235	94.07
236	94.28
237	94.28
238	94.28
239	94.48
240	94.48
241	94.69
242	94.69
243	94.89
244	94.89
245	94.89
246	95.09
247	95.09
248	95.3
249	95.3
250	95.3
251	95.5
252	95.5
253	95.71
254	95.71
255	95.71
256	95.91
257	95.91
258	96.12
259	96.12
260	96.12
261	96.33
262	96.33
263	96.53
264	96.53
265	96.53
266	96.74
267	96.74
268	96.74
269	96.95
270	96.95
271	97.16
272	97.16
273	97.16
274	97.36
275	97.36
276	97.36
277	97.36
278	97.57
279	97.57
280	97.78
281	97.78
282	97.78
283	97.99
284	97.99
285	97.99
286	98.2
287	98.2
288	98.2
289	98.41
290	98.41
291	98.41
292	98.41
293	98.62
294	98.62
295	98.62
296	98.83
297	98.83
298	98.83
299	99.04
300	99.04
301	99.04
302	99.04
303	99.25
304	99.25
305	99.25
306	99.46
307	99.46
308	99.46
309	99.67
310	99.67
311	99.67
312	99.67
313	99.89
314	99.89
315	99.89
316	100.1
317	100.1
318	100.1
319	100.1
320	100.31
321	100.31
322	100.31
323	100.52
324	100.52
325	100.52
326	100.52
327	100.74
328	100.74
329	100.74
330	100.74
331	100.95
332	100.95
333	100.95
334	100.95
335	101.17
336	101.17
337	101.17
338	101.17
339	101.38
340	101.38
341	101.38
342	101.38
343	101.59
344	101.59
345	101.59
346	101.59
347	101.81
348	101.81
349	101.81
350	101.81
351	102.03
352	102.03
353	102.03
354	102.03
355	102.03
356	102.24
357	102.24
358	102.24
359	102.24
360	102.46
361	102.46
362	102.46
363	102.46
364	102.46
365	102.68
366	102.68
367	102.68
368	102.68
369	102.68
370	102.89
371	102.89
372	102.89
373	102.89
374	102.89
375	103.11
376	103.11
377	103.11
378	103.11
379	103.11
380	103.33
381	103.33
382	103.33
383	103.33
384	103.55
385	103.55
386	103.55
387	103.55
388	103.55
389	103.77
390	103.77
391	103.77
392	103.77
393	103.77
394	103.77
395	103.99
396	103.99
397	103.99
398	103.99
399	103.99
400	104.21
401	104.21
402	104.21
403	104.21
404	104.21
405	104.21
406	104.43
407	104.43
408	104.43
409	104.43
410	104.43
411	104.43
412	104.65
413	104.65
414	104.65
415	104.65
416	104.65
417	104.87
418	104.87
419	104.87
420	104.87
421	104.87
422	104.87
423	105.09
424	105.09
425	105.09
426	105.09
427	105.09
428	105.09
429	105.09
430	105.31
431	105.31
432	105.31
433	105.31
434	105.31
435	105.31
436	105.53
437	105.53
438	105.53
439	105.53
440	105.53
441	105.53
442	105.53
443	105.76
444	105.76
445	105.76
446	105.76
447	105.76
448	105.76
449	105.98
450	105.98
451	105.98
452	105.98
453	105.98
454	105.98
455	105.98
456	105.98
457	106.2
458	106.2
459	106.2
460	106.2
461	106.2
462	106.2
463	106.2
464	106.2
465	106.43
466	106.43
467	106.43
468	106.43
469	106.43
470	106.43
471	106.43
472	106.65
473	106.65
474	106.65
475	106.65
476	106.65
477	106.65
478	106.65
479	106.65
480	106.88
481	106.88
482	106.88
483	106.88
484	106.88
485	106.88
486	106.88
487	106.88
488	107.1
489	107.1
490	107.1
491	107.1
492	107.1
493	107.1
494	107.1
495	107.1
496	107.33
497	107.33
498	107.33
499	107.33
500	107.33
501	107.33
502	107.33
503	107.33
504	107.55
505	107.55
506	107.55
507	107.55
508	107.55
509	107.55
510	107.55
511	107.55
512	107.55
513	107.78
514	107.78
515	107.78
516	107.78
517	107.78
518	107.78
519	107.78
520	107.78
521	107.78
522	107.78
523	108.01
524	108.01
525	108.01
526	108.01
527	108.01
528	108.01
529	108.01
530	108.01
531	108.01
532	108.24
533	108.24
534	108.24
535	108.24
536	108.24
537	108.24
538	108.24
539	108.24
540	108.24
541	108.24
542	108.24
543	108.47
544	108.47
545	108.47
546	108.47
547	108.47
548	108.47
549	108.47
550	108.47
551	108.47
552	108.47
553	108.47
554	108.69
555	108.69
556	108.69
557	108.69
558	108.69
559	108.69
560	108.69
561	108.69
562	108.69
563	108.69
564	108.69
565	108.69
566	108.92
567	108.92
568	108.92
569	108.92
570	108.92
571	108.92
572	108.92
573	108.92
574	108.92
575	108.92
576	108.92
577	108.92
578	108.92
579	109.15
580	109.15
581	109.15
582	109.15
583	109.15
584	109.15
585	109.15
586	109.15
587	109.15
588	109.15
589	109.15
590	109.15
591	109.15
592	109.15
593	109.38
594	109.38
595	109.38
596	109.38
597	109.38
598	109.38
599	109.38
600	109.38
601	109.38
602	109.38
603	109.38
604	109.38
605	109.38
606	109.38
607	109.38
608	109.38
609	109.38
610	109.38
611	109.61
612	109.61
613	109.61
614	109.61
615	109.61
616	109.61
617	109.61
618	109.61
619	109.61
620	109.61
621	109.61
622	109.61
623	109.61
624	109.61
625	109.61
626	109.61
627	109.61
628	109.61
629	109.61
630	109.85
631	109.61
632	109.85
633	109.85
634	109.85
635	109.85
636	109.85
637	109.85
638	109.85
639	109.85
640	109.85
641	109.85
642	109.85
643	109.85
644	109.85
645	109.85
646	109.85
647	109.85
648	109.85
649	109.85
650	109.85
651	110.08
652	110.08
653	110.08
654	110.08
655	110.08
656	110.08
657	110.08
658	110.08
659	110.08
660	110.08
661	110.08
662	110.08
663	110.08
664	110.08
665	110.08
666	110.08
667	110.08
668	110.08
669	110.08
670	110.08
671	110.08
672	110.08
673	110.31
674	110.31
675	110.31
676	110.31
677	110.31
678	110.31
679	110.31
680	110.31
681	110.31
682	110.31
683	110.31
684	110.31
685	110.31
686	110.31
687	110.31
688	110.31
689	110.31
690	110.31
691	110.31
692	110.31
693	110.31
694	110.31
695	110.31
696	110.31
697	110.31
698	110.31
699	110.31
700	110.54
701	110.31
702	110.54
703	110.31
704	110.54
705	110.54
706	110.54
707	110.54
708	110.54
709	110.54
710	110.54
711	110.54
712	110.54
713	110.54
714	110.54
715	110.54
716	110.54
717	110.54
718	110.54
719	110.54
720	110.54
721	110.54
722	110.54
723	110.54
724	110.54
725	110.54
726	110.54
727	110.54
728	110.54
729	110.54
730	110.54
731	110.54
732	110.54
733	110.54
734	110.54
735	110.54
736	110.54
737	110.54
738	110.54
739	110.54
740	110.54
741	110.78
742	110.54
743	110.78
744	110.78
745	110.78
746	110.78
747	110.78
748	110.78
749	110.78
750	110.78
751	110.78
752	110.78
753	110.78
754	110.78
755	110.78
756	110.78
757	110.78
758	110.78
759	110.78
760	110.78
761	110.78
762	110.78
763	110.78
764	110.78
765	110.78
766	110.78
767	110.78
768	110.78
769	110.78
770	110.78
771	110.78
772	110.78
773	110.78
774	110.78
775	110.78
776	110.78
777	110.78
778	110.78
779	110.78
780	110.78
781	110.78
782	110.78
783	110.78
784	110.78
785	110.78
786	110.78
787	110.78
788	110.78
789	110.78
790	110.78
791	110.78
792	111.01
793	110.78
794	110.78
795	111.01
796	110.78
797	111.01
798	110.78
799	111.01
800	111.01
801	111.01
802	110.78
803	111.01
804	111.01
805	111.01
806	111.01
807	111.01
808	111.01
809	111.01
810	111.01
811	111.01
812	111.01
813	111.01
814	111.01
815	111.01
816	111.01
817	111.01
818	111.01
819	111.01
820	111.01
821	111.01
822	111.01
823	111.01
824	111.01
825	111.01
826	111.01
827	111.01
828	111.01
829	111.01
830	111.01
831	111.01
832	111.01
833	111.01
834	111.01
835	111.01
836	111.01
837	111.01
838	111.01
839	111.01
840	111.01
841	111.01
842	111.01
843	111.01
844	111.01
845	111.01
846	111.01
847	111.01
848	111.01
849	111.01
850	111.01
851	111.01
852	111.01
853	111.01
854	111.01
855	111.01
856	111.01
857	111.01
858	111.01
859	111.01
860	111.01
861	111.01
862	111.01
863	111.01
864	111.01
865	111.01
866	111.01
867	111.01
868	111.01
869	111.01
870	111.01
871	111.01
872	111.01
873	111.01
874	111.01
875	111.01
876	111.01
877	111.01
878	111.01
879	111.01
880	111.01
881	111.01
882	111.01
883	111.01
884	111.01
885	111.01
886	111.01
887	111.01
888	111.01
889	111.01
890	111.01
891	111.01
892	111.01
893	111.01
894	111.01
895	111.01
896	111.01
897	111.01
898	111.01
899	111.01
900	111.01
901	111.01
902	111.01
903	111.01
904	111.01
905	111.01
906	111.01
907	111.01
908	111.01
909	111.01
910	111.01
911	111.01
912	111.01
913	111.01
914	111.01
915	111.01
916	111.01
917	111.01
918	111.01
919	111.01
920	111.01
921	111.01
922	111.01
923	111.01
924	111.01
925	111.01
926	111.01
927	111.01
928	111.01
929	111.01
930	111.01
931	111.01
932	111.01
933	111.01
934	111.01
935	111.01
936	111.01
937	111.01
938	111.01
939	111.01
940	111.01
941	111.01
942	111.01
943	111.01
944	111.01
945	111.01
946	111.01
947	111.01
948	111.01
949	111.01
950	111.01
951	111.01
952	111.01
953	111.01
954	111.01
955	111.01
956	111.01
957	111.01
958	111.01
959	111.01
960	111.01
961	111.01
962	111.01
963	111.01
964	111.01
965	111.01
966	111.01
967	111.01
968	111.01
969	111.01
970	111.01
971	111.01
972	111.01
973	111.01
974	111.01
975	111.01
976	111.01
977	111.01
978	111.01
979	111.01
980	111.01
981	111.01
982	110.78
983	111.01
984	110.78
985	110.78
986	111.01
987	110.78
988	110.78
989	110.78
990	110.78
991	110.78
992	110.78
993	111.01
994	110.78
995	110.78
996	110.78
997	110.78
998	110.78
999	110.78
1000	110.78
1001	110.78
1002	110.78
1003	110.78
1004	110.78
1005	110.78
1006	110.78
1007	110.78
1008	110.78
1009	110.78
1010	110.78
1011	110.78
1012	110.78
1013	110.78
1014	110.78
1015	110.78
1016	110.78
1017	110.78
1018	110.78
1019	110.78
1020	110.78
1021	110.78
1022	110.78
1023	110.78
1024	110.78
1025	110.78
1026	110.78
1027	110.78
1028	110.78
1029	110.78
1030	110.78
1031	110.78
1032	110.78
1033	110.78
1034	110.78
1035	110.78
1036	110.78
1037	110.78
1038	110.78
1039	110.78
1040	110.78
1041	110.78
1042	110.78
1043	110.78
1044	110.78
1045	110.78
1046	110.78
1047	110.78
1048	110.78
1049	110.78
1050	110.78
1051	110.78
1052	110.78
1053	110.78
1054	110.78
1055	110.78
1056	110.78
1057	110.78
1058	110.54
1059	110.78
1060	110.54
1061	110.54
1062	110.78
1063	110.54
1064	110.54
1065	110.54
1066	110.54
1067	110.54
1068	110.54
1069	110.54
1070	110.54
1071	110.54
1072	110.54
1073	110.54
1074	110.54
1075	110.54
1076	110.54
1077	110.54
1078	110.54
1079	110.54
1080	110.54
1081	110.54
1082	110.54
1083	110.54
1084	110.54
1085	110.54
1086	110.54
1087	110.54
1088	110.54
1089	110.54
1090	110.54
1091	110.54
1092	110.54
1093	110.54
1094	110.54
1095	110.54
1096	110.54
1097	110.54
1098	110.54
1099	110.54
1100	110.54
1101	110.54
1102	110.54
1103	110.54
1104	110.54
1105	110.54
1106	110.54
1107	110.54
1108	110.54
1109	110.54
1110	110.54
1111	110.54
1112	110.54
1113	110.54
1114	110.54
1115	110.54
1116	110.54
1117	110.54
1118	110.54
1119	110.54
1120	110.54
1121	110.54
1122	110.54
1123	110.54
1124	110.31
1125	110.31
1126	110.31
1127	110.54
1128	110.31
1129	110.54
1130	110.31
1131	110.31
1132	110.31
1133	110.31
1134	110.31
1135	110.31
1136	110.31
1137	110.31
1138	110.31
1139	110.31
1140	110.31
1141	110.31
1142	110.31
1143	110.31
1144	110.31
1145	110.31
1146	110.31
1147	110.31
1148	110.31
1149	110.31
1150	110.31
1151	110.31
1152	110.31
1153	110.31
1154	110.31
1155	110.31
1156	110.31
1157	110.31
1158	110.31
1159	110.31
1160	110.31
1161	110.31
1162	110.31
1163	110.31
1164	110.31
1165	110.31
1166	110.31
1167	110.31
1168	110.31
1169	110.31
1170	110.31
1171	110.31
1172	110.31
1173	110.31
1174	110.31
1175	110.31
1176	110.31
1177	110.08
1178	110.08
1179	110.08
1180	110.08
1181	110.08
1182	110.08
1183	110.08
1184	110.08
1185	110.08
1186	110.08
1187	110.08
1188	110.08
1189	110.08
1190	110.08
1191	110.08
1192	110.08
1193	110.08
1194	110.08
1195	110.08
1196	110.08
1197	110.08
1198	110.08
1199	110.08
1200	110.08
1201	110.08
1202	110.08
1203	110.08
1204	110.08
1205	110.08
1206	110.08
1207	110.08
1208	110.08
1209	110.08
1210	110.08
1211	110.08
1212	110.08
1213	110.08
1214	110.08
1215	110.08
1216	110.08
1217	110.08
1218	110.08
1219	110.08
1220	109.85
1221	109.85
1222	109.85
1223	109.85
1224	109.85
1225	109.85
1226	109.85
1227	109.85
1228	109.85
1229	109.85
1230	109.85
1231	109.85
1232	109.85
1233	109.85
1234	109.85
1235	109.85
1236	109.85
1237	109.85
1238	109.85
1239	109.85
1240	109.85
1241	109.85
1242	109.85
1243	109.85
1244	109.85
1245	109.85
1246	109.85
1247	109.85
1248	109.85
1249	109.85
1250	109.85
1251	109.85
1252	109.85
1253	109.85
1254	109.85
1255	109.85
1256	109.85
1257	109.85
1258	109.85
1259	109.85
1260	109.85
1261	109.61
1262	109.85
1263	109.85
1264	109.61
1265	109.61
1266	109.61
1267	109.61
1268	109.61
1269	109.61
1270	109.61
1271	109.61
1272	109.61
1273	109.61
1274	109.61
1275	109.61
1276	109.61
1277	109.61
1278	109.61
1279	109.61
1280	109.61
1281	109.61
1282	109.61
1283	109.61
1284	109.61
1285	109.61
1286	109.61
1287	109.61
1288	109.61
1289	109.61
1290	109.61
1291	109.61
1292	109.61
1293	109.61
1294	109.61
1295	109.61
1296	109.61
1297	109.61
1298	109.61
1299	109.61
1300	109.61
1301	109.61
1302	109.38
1303	109.38
1304	109.38
1305	109.38
1306	109.38
1307	109.38
1308	109.38
1309	109.38
1310	109.38
1311	109.38
1312	109.38
1313	109.38
1314	109.38
1315	109.38
1316	109.38
1317	109.38
1318	109.38
1319	109.38
1320	109.38
1321	109.38
1322	109.38
1323	109.38
1324	109.38
1325	109.38
1326	109.38
1327	109.38
1328	109.38
1329	109.38
1330	109.38
1331	109.38
1332	109.38
1333	109.38
1334	109.38
1335	109.38
1336	109.15
1337	109.15
1338	109.15
1339	109.15
1340	109.15
1341	109.15
1342	109.15
1343	109.15
1344	109.15
1345	109.15
1346	109.15
1347	109.15
1348	109.15
1349	109.15
1350	109.15
1351	109.15
1352	109.15
1353	109.15
1354	109.15
1355	109.15
1356	109.15
1357	109.15
1358	109.15
1359	109.15
1360	109.15
1361	109.15
1362	109.15
1363	109.15
1364	109.15
1365	109.15
1366	109.15
1367	109.15
1368	109.15
1369	108.92
1370	109.15
1371	108.92
1372	108.92
1373	108.92
1374	108.92
1375	108.92
1376	108.92
1377	108.92
1378	108.92
1379	108.92
1380	108.92
1381	108.92
1382	108.92
1383	108.92
1384	108.92
1385	108.92
1386	108.92
1387	108.92
1388	108.92
1389	108.92
1390	108.92
1391	108.92
1392	108.92
1393	108.92
1394	108.92
1395	108.92
1396	108.92
1397	108.92
1398	108.92
1399	108.69
1400	108.69
1401	108.69
1402	108.69
1403	108.69
1404	108.69
1405	108.69
1406	108.69
1407	108.69
1408	108.69
1409	108.69
1410	108.69
1411	108.69
1412	108.69
1413	108.69
1414	108.69
1415	108.69
1416	108.69
1417	108.69
1418	108.69
1419	108.69
1420	108.69
1421	108.69
1422	108.69
1423	108.69
1424	108.69
1425	108.69
1426	108.69
1427	108.69
1428	108.69
1429	108.69
1430	108.69
1431	108.69
1432	108.69
1433	108.69
1434	108.69
1435	108.69
1436	108.47
1437	108.69
1438	108.47
1439	108.47
1440	108.47
1441	108.47
1442	108.47
1443	108.47
1444	108.47
1445	108.47
1446	108.47
1447	108.47
1448	108.47
1449	108.47
1450	108.47
1451	108.47
1452	108.47
1453	108.47
1454	108.47
1455	108.47
1456	108.47
1457	108.47
1458	108.47
1459	108.47
1460	108.47
1461	108.47
1462	108.47
1463	108.47
1464	108.47
1465	108.47
1466	108.47
1467	108.24
1468	108.24
1469	108.24
1470	108.24
1471	108.24
1472	108.24
1473	108.24
1474	108.24
1475	108.24
1476	108.24
1477	108.24
1478	108.24
1479	108.24
1480	108.24
1481	108.24
1482	108.24
1483	108.24
1484	108.24
1485	108.24
1486	108.24
1487	108.24
1488	108.24
1489	108.24
1490	108.24
1491	108.24
1492	108.01
1493	108.24
1494	108.01
1495	108.01
1496	108.01
1497	108.01
1498	108.01
1499	108.01
1500	108.01
1501	108.01
1502	108.01
1503	108.01
1504	108.01
1505	108.01
1506	108.01
1507	108.01
1508	108.01
1509	108.01
1510	108.01
1511	108.01
1512	108.01
1513	108.01
1514	108.01
1515	108.01
1516	108.01
1517	108.01
1518	108.01
1519	108.01
1520	108.01
1521	107.78
1522	108.01
1523	107.78
1524	107.78
1525	107.78
1526	107.78
1527	107.78
1528	107.78
1529	107.78
1530	107.78
1531	107.78
1532	107.78
1533	107.78
1534	107.78
1535	107.78
1536	107.78
1537	107.78
1538	107.78
1539	107.78
1540	107.78
1541	107.78
1542	107.78
1543	107.78
1544	107.78
1545	107.78
1546	107.78
1547	107.78
1548	107.78
1549	107.78
1550	107.78
1551	107.78
1552	107.78
1553	107.55
1554	107.55
1555	107.55
1556	107.55
1557	107.55
1558	107.55
1559	107.55
1560	107.55
1561	107.55
1562	107.55
1563	107.55
1564	107.55
1565	107.55
1566	107.55
1567	107.55
1568	107.55
1569	107.55
1570	107.55
1571	107.55
1572	107.55
1573	107.55
1574	107.55
1575	107.55
1576	107.55
1577	107.55
1578	107.55
1579	107.55
1580	107.55
1581	107.55
1582	107.55
1583	107.33
1584	107.33
1585	107.33
1586	107.33
1587	107.33
1588	107.33
1589	107.33
1590	107.33
1591	107.33
1592	107.33
1593	107.33
1594	107.33
1595	107.33
1596	107.33
1597	107.33
1598	107.33
1599	107.33
1600	107.33
1601	107.33
1602	107.33
1603	107.33
1604	107.33
1605	107.33
1606	107.33
1607	107.33
1608	107.33
1609	107.33
1610	107.33
1611	107.1
1612	107.1
1613	107.1
1614	107.1
1615	107.1
1616	107.1
1617	107.1
1618	107.1
1619	107.1
1620	107.1
1621	107.1
1622	107.1
1623	107.1
1624	107.1
1625	107.1
1626	107.1
1627	107.1
1628	107.1
1629	107.1
1630	107.1
1631	107.1
1632	107.1
1633	107.1
1634	107.1
1635	107.1
1636	107.1
1637	107.1
1638	107.1
1639	106.88
1640	106.88
1641	106.88
1642	106.88
1643	106.88
1644	106.88
1645	106.88
1646	106.88
1647	106.88
1648	106.88
1649	106.88
1650	106.88
1651	106.88
1652	106.88
1653	106.88
1654	106.88
1655	106.88
1656	106.88
1657	106.88
1658	106.88
1659	106.88
1660	106.88
1661	106.88
1662	106.88
1663	106.88
1664	106.88
1665	106.88
1666	106.88
1667	106.88
1668	106.88
1669	106.88
1670	106.65
1671	106.88
1672	106.65
1673	106.65
1674	106.65
1675	106.65
1676	106.65
1677	106.65
1678	106.65
1679	106.65
1680	106.65
1681	106.65
1682	106.65
1683	106.65
1684	106.65
1685	106.65
1686	106.65
1687	106.65
1688	106.65
1689	106.65
1690	106.65
1691	106.65
1692	106.65
1693	106.65
1694	106.65
1695	106.65
1696	106.43
1697	106.43
1698	106.43
1699	106.43
1700	106.43
1701	106.43
1702	106.43
1703	106.43
1704	106.43
1705	106.43
1706	106.43
1707	106.43
1708	106.43
1709	106.43
1710	106.43
1711	106.43
1712	106.43
1713	106.43
1714	106.43
1715	106.43
1716	106.43
1717	106.43
1718	106.43
1719	106.43
1720	106.43
1721	106.43
1722	106.43
1723	106.43
1724	106.43
1725	106.2
1726	106.2
1727	106.2
1728	106.2
1729	106.2
1730	106.2
1731	106.2
1732	106.2
1733	106.2
1734	106.2
1735	106.2
1736	106.2
1737	106.2
1738	106.2
1739	106.2
1740	106.2
1741	106.2
1742	106.2
1743	106.2
1744	106.2
1745	106.2
1746	106.2
1747	106.2
1748	106.2
1749	106.2
1750	106.2
1751	106.2
1752	106.2
1753	106.2
1754	105.98
1755	106.2
1756	106.2
1757	105.98
1758	105.98
1759	105.98
1760	105.98
1761	105.98
1762	105.98
1763	105.98
1764	105.98
1765	105.98
1766	105.98
1767	105.98
1768	105.98
1769	105.98
1770	105.98
1771	105.98
1772	105.98
1773	105.98
1774	105.98
1775	105.98
1776	105.98
1777	105.98
1778	105.98
1779	105.98
1780	105.98
1781	105.98
1782	105.98
1783	105.98
1784	105.98
1785	105.98
1786	105.98
1787	105.98
1788	105.98
1789	105.76
1790	105.98
1791	105.76
1792	105.76
1793	105.76
1794	105.76
1795	105.76
1796	105.76
1797	105.76
1798	105.76
1799	105.76
1800	105.76
1801	105.76
1802	105.76
1803	105.76
1804	105.76
1805	105.76
1806	105.76
1807	105.76
1808	105.76
1809	105.76
1810	105.76
1811	105.76
1812	105.76
1813	105.76
1814	105.76
1815	105.76
1816	105.76
1817	105.76
1818	105.76
1819	105.76
1820	105.76
1821	105.76
1822	105.53
1823	105.53
1824	105.53
1825	105.53
1826	105.53
1827	105.53
1828	105.53
1829	105.53
1830	105.53
1831	105.53
1832	105.53
1833	105.53
1834	105.53
1835	105.53
1836	105.53
1837	105.53
1838	105.53
1839	105.53
1840	105.53
1841	105.53
1842	105.53
1843	105.53
1844	105.53
1845	105.53
1846	105.53
1847	105.53
1848	105.53
1849	105.53
1850	105.53
1851	105.53
1852	105.31
1853	105.31
1854	105.31
1855	105.31
1856	105.31
1857	105.31
1858	105.31
1859	105.31
1860	105.31
1861	105.31
1862	105.31
1863	105.31
1864	105.31
1865	105.31
1866	105.31
1867	105.31
1868	105.31
1869	105.31
1870	105.31
1871	105.31
1872	105.31
1873	105.31
1874	105.31
1875	105.31
1876	105.31
1877	105.31
1878	105.31
1879	105.31
1880	105.31
1881	105.31
1882	105.31
1883	105.09
1884	105.09
1885	105.09
1886	105.09
1887	105.09
1888	105.09
1889	105.09
1890	105.09
1891	105.09
1892	105.09
1893	105.09
1894	105.09
1895	105.09
1896	105.09
1897	105.09
1898	105.09
1899	105.09
1900	105.09
1901	105.09
1902	105.09
1903	105.09
1904	105.09
1905	105.09
1906	105.09
1907	105.09
1908	105.09
1909	105.09
1910	105.09
1911	105.09
1912	105.09
1913	105.09
1914	105.09
1915	104.87
1916	104.87
1917	104.87
1918	104.87
1919	104.87
1920	104.87
1921	104.87
1922	104.87
1923	104.87
1924	104.87
1925	104.87
1926	104.87
1927	104.87
1928	104.87
1929	104.87
1930	104.87
1931	104.87
1932	104.87
1933	104.87
1934	104.87
1935	104.87
1936	104.87
1937	104.87
1938	104.87
1939	104.87
1940	104.87
1941	104.87
1942	104.87
1943	104.87
1944	104.65
1945	104.65
1946	104.65
1947	104.65
1948	104.65
1949	104.65
1950	104.65
1951	104.65
1952	104.65
1953	104.65
1954	104.65
1955	104.65
1956	104.65
1957	104.65
1958	104.65
1959	104.65
1960	104.65
1961	104.65
1962	104.65
1963	104.65
1964	104.65
1965	104.65
1966	104.65
1967	104.65
1968	104.65
1969	104.65
1970	104.65
1971	104.65
1972	104.65
1973	104.43
1974	104.43
1975	104.43
1976	104.43
1977	104.43
1978	104.43
1979	104.43
1980	104.43
1981	104.43
1982	104.43
1983	104.43
1984	104.43
1985	104.43
1986	104.43
1987	104.43
1988	104.43
1989	104.43
1990	104.43
1991	104.43
1992	104.43
1993	104.43
1994	104.43
1995	104.43
1996	104.43
1997	104.43
1998	104.43
1999	104.43
2000	104.43
2001	104.43
2002	104.43
2003	104.43
2004	104.43
2005	104.43
2006	104.21
2007	104.21
2008	104.21
2009	104.21
2010	104.21
2011	104.21
2012	104.21
2013	104.21
2014	104.21
2015	104.21
2016	104.21
2017	104.21
2018	104.21
2019	104.21
2020	104.21
2021	104.21
2022	104.21
2023	104.21
2024	104.21
2025	104.21
2026	104.21
2027	104.21
2028	104.21
2029	104.21
2030	104.21
2031	104.21
2032	104.21
2033	104.21
2034	104.21
2035	103.99
2036	103.99
2037	103.99
2038	103.99
2039	103.99
2040	103.99
2041	103.99
2042	103.99
2043	103.99
2044	103.99
2045	103.99
2046	103.99
2047	103.99
2048	103.99
2049	103.99
2050	103.99
2051	103.99
2052	103.99
2053	103.99
2054	103.99
2055	103.99
2056	103.99
2057	103.99
2058	103.99
2059	103.99
2060	103.99
2061	103.99
2062	103.99
2063	103.99
2064	103.99
2065	103.99
2066	103.77
2067	103.77
2068	103.77
2069	103.77
2070	103.77
2071	103.77
2072	103.77
2073	103.77
2074	103.77
2075	103.77
2076	103.77
2077	103.77
2078	103.77
2079	103.77
2080	103.77
2081	103.77
2082	103.77
2083	103.77
2084	103.77
2085	103.77
2086	103.77
2087	103.77
2088	103.77
2089	103.77
2090	103.77
2091	103.77
2092	103.77
2093	103.77
2094	103.77
2095	103.77
2096	103.77
2097	103.55
2098	103.77
2099	103.55
2100	103.55
2101	103.55
2102	103.55
2103	103.55
2104	103.55
2105	103.55
2106	103.55
2107	103.55
2108	103.55
2109	103.55
2110	103.55
2111	103.55
2112	103.55
2113	103.55
2114	103.55
2115	103.55
2116	103.55
2117	103.55
2118	103.55
2119	103.55
2120	103.55
2121	103.55
2122	103.55
2123	103.55
2124	103.55
2125	103.55
2126	103.33
2127	103.33
2128	103.33
2129	103.33
2130	103.33
2131	103.33
2132	103.33
2133	103.33
2134	103.33
2135	103.33
2136	103.33
2137	103.33
2138	103.33
2139	103.33
2140	103.33
2141	103.33
2142	103.33
2143	103.33
2144	103.33
2145	103.33
2146	103.33
2147	103.33
2148	103.33
2149	103.33
2150	103.33
2151	103.33
2152	103.33
2153	103.33
2154	103.33
2155	103.33
2156	103.33
2157	103.11
2158	103.11
2159	103.11
2160	103.11
2161	103.11
2162	103.11
2163	103.11
2164	103.11
2165	103.11
2166	103.11
2167	103.11
2168	103.11
2169	103.11
2170	103.11
2171	103.11
2172	103.11
2173	103.11
2174	103.11
2175	103.11
2176	103.11
2177	103.11
2178	103.11
2179	103.11
2180	102.89
2181	103.11
2182	103.11
2183	103.11
2184	103.11
2185	103.11
2186	102.89
2187	102.89
2188	102.89
2189	102.89
2190	102.89
2191	102.89
2192	102.89
2193	102.89
2194	102.89
2195	102.89
2196	102.89
2197	102.89
2198	102.89
2199	102.89
2200	102.89
2201	102.89
2202	102.89
2203	102.89
2204	102.89
2205	102.89
2206	102.89
2207	102.89
2208	102.89
2209	102.89
2210	102.89
2211	102.89
2212	102.89
2213	102.89
2214	102.89
2215	102.68
2216	102.68
2217	102.68
2218	102.68
2219	102.68
2220	102.68
2221	102.68
2222	102.68
2223	102.68
2224	102.68
2225	102.68
2226	102.68
2227	102.68
2228	102.68
2229	102.68
2230	102.68
2231	102.68
2232	102.68
2233	102.68
2234	102.68
2235	102.68
2236	102.68
2237	102.68
2238	102.68
2239	102.68
2240	102.68
2241	102.68
2242	102.68
2243	102.68
2244	102.68
2245	102.46
2246	102.46
2247	102.68
2248	102.46
2249	102.46
2250	102.46
2251	102.46
2252	102.46
2253	102.46
2254	102.46
2255	102.46
2256	102.46
2257	102.46
2258	102.46
2259	102.46
2260	102.46
2261	102.46
2262	102.46
2263	102.46
2264	102.46
2265	102.46
2266	102.46
2267	102.46
2268	102.46
2269	102.46
2270	102.46
2271	102.46
2272	102.46
2273	102.46
2274	102.46
2275	102.46
2276	102.46
2277	102.46
2278	102.24
2279	102.24
2280	102.24
2281	102.24
2282	102.24
2283	102.24
2284	102.24
2285	102.24
2286	102.24
2287	102.24
2288	102.24
2289	102.24
2290	102.24
2291	102.24
2292	102.24
2293	102.24
2294	102.24
2295	102.24
2296	102.24
2297	102.24
2298	102.24
2299	102.24
2300	102.24
2301	102.24
2302	102.24
2303	102.24
2304	102.24
2305	102.24
2306	102.24
2307	102.03
2308	102.03
2309	102.03
2310	102.03
2311	102.03
2312	102.03
2313	102.03
2314	102.03
2315	102.03
2316	102.03
2317	102.03
2318	102.03
2319	102.03
2320	102.03
2321	102.03
2322	102.03
2323	102.03
2324	102.03
2325	102.03
2326	102.03
2327	102.03
2328	102.03
2329	102.03
2330	102.03
2331	102.03
2332	102.03
2333	102.03
2334	102.03
2335	101.81
2336	101.81
2337	101.81
2338	101.81
2339	101.81
2340	101.81
2341	101.81
2342	101.81
2343	101.81
2344	101.81
2345	101.81
2346	101.81
2347	101.81
2348	101.81
2349	101.81
2350	101.81
2351	101.81
2352	101.81
2353	101.81
2354	101.81
2355	101.81
2356	101.81
2357	101.81
2358	101.81
2359	101.81
2360	101.81
2361	101.81
2362	101.81
2363	101.59
2364	101.59
2365	101.59
2366	101.59
2367	101.59
2368	101.59
2369	101.59
2370	101.59
2371	101.59
2372	101.59
2373	101.59
2374	101.59
2375	101.59
2376	101.59
2377	101.59
2378	101.59
2379	101.59
2380	101.59
2381	101.59
2382	101.59
2383	101.59
2384	101.59
2385	101.59
2386	101.59
2387	101.59
2388	101.59
2389	101.59
2390	101.59
2391	101.59
2392	101.59
2393	101.59
2394	101.38
2395	101.59
2396	101.38
2397	101.38
2398	101.38
2399	101.38
2400	101.38
2401	101.38
2402	101.38
2403	101.38
2404	101.38
2405	101.38
2406	101.38
2407	101.38
2408	101.38
2409	101.38
2410	101.38
2411	101.38
2412	101.38
2413	101.38
2414	101.38
2415	101.38
2416	101.38
2417	101.38
2418	101.38
2419	101.38
2420	101.38
2421	101.17
2422	101.17
2423	101.17
2424	101.17
2425	101.17
2426	101.17
2427	101.17
2428	101.17
2429	101.17
2430	101.17
2431	101.17
2432	101.17
2433	101.17
2434	101.17
2435	101.17
2436	101.17
2437	101.17
2438	101.17
2439	101.17
2440	101.17
2441	101.17
2442	101.17
2443	101.17
2444	101.17
2445	101.17
2446	101.17
2447	101.17
2448	101.17
2449	101.17
2450	101.17
2451	100.95
2452	100.95
2453	100.95
2454	100.95
2455	100.95
2456	100.95
2457	100.95
2458	100.95
2459	100.95
2460	100.95
2461	100.95
2462	100.95
2463	100.95
2464	100.95
2465	100.95
2466	100.95
2467	100.95
2468	100.95
2469	100.95
2470	100.95
2471	100.95
2472	100.95
2473	100.95
2474	100.95
2475	100.95
2476	100.95
2477	100.74
2478	100.74
2479	100.74
2480	100.74
2481	100.74
2482	100.74
2483	100.74
2484	100.74
2485	100.74
2486	100.74
2487	100.74
2488	100.74
2489	100.74
2490	100.74
2491	100.74
2492	100.74
2493	100.74
2494	100.74
2495	100.74
2496	100.74
2497	100.74
2498	100.74
2499	100.74
2500	100.74
2501	100.74
2502	100.74
2503	100.74
2504	100.74
2505	100.74
2506	100.74
2507	100.52
2508	100.52
2509	100.52
2510	100.52
2511	100.52
2512	100.52
2513	100.52
2514	100.52
2515	100.52
2516	100.52
2517	100.52
2518	100.52
2519	100.52
2520	100.52
2521	100.52
2522	100.52
2523	100.52
2524	100.52
2525	100.52
2526	100.52
2527	100.52
2528	100.52
2529	100.52
2530	100.52
2531	100.52
2532	100.52
2533	100.52
2534	100.52
2535	100.52
2536	100.31
2537	100.31
2538	100.31
2539	100.31
2540	100.31
2541	100.31
2542	100.31
2543	100.31
2544	100.31
2545	100.31
2546	100.31
2547	100.31
2548	100.31
2549	100.31
2550	100.31
2551	100.31
2552	100.31
2553	100.31
2554	100.31
2555	100.31
2556	100.31
2557	100.31
2558	100.31
2559	100.31
2560	100.31
2561	100.1
2562	100.1
2563	100.1
2564	100.1
2565	100.1
2566	100.1
2567	100.1
2568	100.1
2569	100.1
2570	100.1
2571	100.1
2572	100.1
2573	100.1
2574	100.1
2575	100.1
2576	100.1
2577	100.1
2578	100.1
2579	100.1
2580	100.1
2581	100.1
2582	100.1
2583	100.1
2584	100.1
2585	100.1
2586	100.1
2587	100.1
2588	100.1
2589	100.1
2590	99.89
2591	99.89
2592	99.89
2593	99.89
2594	99.89
2595	99.89
2596	99.89
2597	99.89
2598	99.89
2599	99.89
2600	99.89
2601	99.89
2602	99.89
2603	99.89
2604	99.89
2605	99.89
2606	99.89
2607	99.89
2608	99.89
2609	99.89
2610	99.89
2611	99.89
2612	99.89
2613	99.89
2614	99.89
2615	99.89
2616	99.89
2617	99.89
2618	99.89
2619	99.89
2620	99.67
2621	99.67
2622	99.67
2623	99.67
2624	99.67
2625	99.67
2626	99.67
2627	99.67
2628	99.67
2629	99.67
2630	99.67
2631	99.67
2632	99.67
2633	99.67
2634	99.67
2635	99.67
2636	99.67
2637	99.67
2638	99.67
2639	99.67
2640	99.67
2641	99.67
2642	99.67
2643	99.67
2644	99.67
2645	99.67
2646	99.46
2647	99.46
2648	99.46
2649	99.46
2650	99.46
2651	99.46
2652	99.46
2653	99.46
2654	99.46
2655	99.46
2656	99.46
2657	99.46
2658	99.46
2659	99.46
2660	99.46
2661	99.46
2662	99.46
2663	99.46
2664	99.46
2665	99.46
2666	99.46
2667	99.46
2668	99.46
2669	99.46
2670	99.46
2671	99.46
2672	99.46
2673	99.46
2674	99.46
2675	99.46
2676	99.46
2677	99.25
2678	99.46
2679	99.25
2680	99.25
2681	99.25
2682	99.25
2683	99.25
2684	99.25
2685	99.25
2686	99.25
2687	99.25
2688	99.25
2689	99.25
2690	99.25
2691	99.25
2692	99.25
2693	99.25
2694	99.25
2695	99.25
2696	99.25
2697	99.25
2698	99.25
2699	99.25
2700	99.25
2701	99.25
2702	99.25
2703	99.25
2704	99.25
2705	99.25
2706	99.25
2707	99.25
2708	99.25
2709	99.25
2710	99.04
2711	99.04
2712	99.04
2713	99.04
2714	99.04
2715	99.04
2716	99.04
2717	99.04
2718	99.04
2719	99.04
2720	99.04
2721	99.04
2722	99.04
2723	99.04
2724	99.04
2725	99.04
2726	99.04
2727	99.04
2728	99.04
2729	99.04
2730	99.04
2731	99.04
2732	99.04
2733	99.04
2734	99.04
2735	99.04
2736	99.04
2737	99.04
2738	99.04
2739	99.04
2740	99.04
2741	99.04
2742	99.04
2743	99.04
2744	98.83
2745	98.83
2746	98.83
2747	98.83
2748	98.83
2749	98.83
2750	98.83
2751	98.83
2752	98.83
2753	98.83
2754	98.83
2755	98.83
2756	98.83
2757	98.83
2758	98.83
2759	98.83
2760	98.83
2761	98.83
2762	98.83
2763	98.83
2764	98.83
2765	98.83
2766	98.83
2767	98.83
2768	98.83
2769	98.83
2770	98.83
2771	98.83
2772	98.83
2773	98.83
2774	98.83
2775	98.83
2776	98.62
2777	98.62
2778	98.62
2779	98.62
2780	98.62
2781	98.62
2782	98.62
2783	98.62
2784	98.62
2785	98.62
2786	98.62
2787	98.62
2788	98.62
2789	98.62
2790	98.62
2791	98.62
2792	98.62
2793	98.62
2794	98.62
2795	98.62
2796	98.62
2797	98.62
2798	98.62
2799	98.62
2800	98.62
2801	98.62
2802	98.62
2803	98.62
2804	98.62
2805	98.62
2806	98.62
2807	98.41
2808	98.41
2809	98.41
2810	98.41
2811	98.41
2812	98.41
2813	98.41
2814	98.41
2815	98.41
2816	98.41
2817	98.41
2818	98.41
2819	98.41
2820	98.41
2821	98.41
2822	98.41
2823	98.41
2824	98.41
2825	98.41
2826	98.41
2827	98.41
2828	98.41
2829	98.41
2830	98.41
2831	98.41
2832	98.41
2833	98.41
2834	98.41
2835	98.41
2836	98.41
2837	98.41
2838	98.41
2839	98.41
2840	98.41
2841	98.2
2842	98.2
2843	98.2
2844	98.2
2845	98.2
2846	98.2
2847	98.2
2848	98.2
2849	98.2
2850	98.2
2851	98.2
2852	98.2
2853	98.2
2854	98.2
2855	98.2
2856	98.2
2857	98.2
2858	98.2
2859	98.2
2860	98.2
2861	98.2
2862	98.2
2863	98.2
2864	98.2
2865	98.2
2866	98.2
2867	98.2
2868	98.2
2869	98.2
2870	98.2
2871	98.2
2872	98.2
2873	98.2
2874	98.2
2875	98.2
2876	97.99
2877	98.2
2878	97.99
2879	97.99
2880	97.99
2881	97.99
2882	97.99
2883	97.99
2884	97.99
2885	97.99
2886	97.99
2887	97.99
2888	97.99
2889	97.99
2890	97.99
2891	97.99
2892	97.99
2893	97.99
2894	97.99
2895	97.99
2896	97.99
2897	97.99
2898	97.99
2899	97.99
2900	97.99
2901	97.99
2902	97.99
2903	97.99
2904	97.99
2905	97.99
2906	97.99
2907	97.99
2908	97.99
2909	97.99
2910	97.99
2911	97.78
2912	97.78
2913	97.78
2914	97.78
2915	97.78
2916	97.78
2917	97.78
2918	97.78
2919	97.78
2920	97.78
2921	97.78
2922	97.78
2923	97.78
2924	97.78
2925	97.78
2926	97.78
2927	97.78
2928	97.78
2929	97.78
2930	97.78
2931	97.78
2932	97.78
2933	97.78
2934	97.78
2935	97.78
2936	97.78
2937	97.78
2938	97.78
2939	97.78
2940	97.78
2941	97.78
2942	97.78
2943	97.78
2944	97.78
2945	97.78
2946	97.57
2947	97.57
2948	97.57
2949	97.57
2950	97.57
2951	97.57
2952	97.57
2953	97.57
2954	97.57
2955	97.57
2956	97.57
2957	97.57
2958	97.57
2959	97.57
2960	97.57
2961	97.57
2962	97.57
2963	97.57
2964	97.57
2965	97.57
2966	97.57
2967	97.57
2968	97.57
2969	97.57
2970	97.57
2971	97.57
2972	97.57
2973	97.57
2974	97.57
2975	97.57
2976	97.57
2977	97.57
2978	97.57
2979	97.57
2980	97.57
2981	97.36
2982	97.57
2983	97.36
2984	97.36
2985	97.36
2986	97.36
2987	97.36
2988	97.36
2989	97.36
2990	97.36
2991	97.36
2992	97.36
2993	97.36
2994	97.36
2995	97.36
2996	97.36
2997	97.36
2998	97.36
2999	97.36
3000	97.36
3001	97.36
3002	97.36
3003	97.36
3004	97.36
3005	97.36
3006	97.36
3007	97.36
3008	97.36
3009	97.36
3010	97.36
3011	97.36
3012	97.36
3013	97.36
3014	97.36
3015	97.36
3016	97.36
3017	97.36
3018	97.36
3019	97.16
3020	97.16
3021	97.16
3022	97.16
3023	97.16
3024	97.16
3025	97.16
3026	97.16
3027	97.16
3028	97.16
3029	97.16
3030	97.16
3031	97.16
3032	97.16
3033	97.16
3034	97.16
3035	97.16
3036	97.16
3037	97.16
3038	97.16
3039	97.16
3040	97.16
3041	97.16
3042	97.16
3043	97.16
3044	97.16
3045	97.16
3046	97.16
3047	97.16
3048	97.16
3049	97.16
3050	97.16
3051	97.16
3052	97.16
3053	97.16
3054	96.95
3055	96.95
3056	96.95
3057	96.95
3058	96.95
3059	96.95
3060	96.95
3061	96.95
3062	96.95
3063	96.95
3064	96.95
3065	96.95
3066	96.95
3067	96.95
3068	96.95
3069	96.95
3070	96.95
3071	96.95
3072	96.95
3073	96.95
3074	96.95
3075	96.95
3076	96.95
3077	96.95
3078	96.95
3079	96.95
3080	96.95
3081	96.95
3082	96.95
3083	96.95
3084	96.95
3085	96.95
3086	96.95
3087	96.95
3088	96.95
3089	96.95
3090	96.95
3091	96.74
3092	96.74
3093	96.74
3094	96.74
3095	96.74
3096	96.74
3097	96.74
3098	96.74
3099	96.74
3100	96.74
3101	96.74
3102	96.74
3103	96.74
3104	96.74
3105	96.74
3106	96.74
3107	96.74
3108	96.74
3109	96.74
3110	96.74
3111	96.74
3112	96.74
3113	96.74
3114	96.74
3115	96.74
3116	96.74
3117	96.74
3118	96.74
3119	96.74
3120	96.74
3121	96.74
3122	96.74
3123	96.74
3124	96.74
3125	96.53
3126	96.53
3127	96.53
3128	96.53
3129	96.53
3130	96.53
3131	96.53
3132	96.53
3133	96.53
3134	96.53
3135	96.53
3136	96.53
3137	96.53
3138	96.53
3139	96.53
3140	96.53
3141	96.53
3142	96.53
3143	96.53
3144	96.53
3145	96.53
3146	96.53
3147	96.53
3148	96.53
3149	96.53
3150	96.53
3151	96.53
3152	96.53
3153	96.53
3154	96.53
3155	96.53
3156	96.53
3157	96.53
3158	96.53
3159	96.53
3160	96.53
3161	96.53
3162	96.53
3163	96.53
3164	96.53
3165	96.33
3166	96.33
3167	96.33
3168	96.33
3169	96.33
3170	96.33
3171	96.33
3172	96.33
3173	96.33
3174	96.33
3175	96.33
3176	96.33
3177	96.33
3178	96.33
3179	96.33
3180	96.33
3181	96.33
3182	96.33
3183	96.33
3184	96.33
3185	96.33
3186	96.33
3187	96.33
3188	96.33
3189	96.33
3190	96.33
3191	96.33
3192	96.33
3193	96.33
3194	96.33
3195	96.33
3196	96.33
3197	96.33
3198	96.33
3199	96.12
3200	96.33
3201	96.12
3202	96.12
3203	96.12
3204	96.12
3205	96.12
3206	96.12
3207	96.12
3208	96.12
3209	96.12
3210	96.12
3211	96.12
3212	96.12
3213	96.12
3214	96.12
3215	96.12
3216	96.12
3217	96.12
3218	96.12
3219	96.12
3220	96.12
3221	96.12
3222	96.12
3223	96.12
3224	96.12
3225	96.12
3226	96.12
3227	96.12
3228	96.12
3229	96.12
3230	96.12
3231	96.12
3232	96.12
3233	96.12
3234	96.12
3235	96.12
3236	96.12
3237	95.91
3238	95.91
3239	95.91
3240	95.91
3241	95.91
3242	95.91
3243	95.91
3244	95.91
3245	95.91
3246	95.91
3247	95.91
3248	95.91
3249	95.91
3250	95.91
3251	95.91
3252	95.91
3253	95.91
3254	95.91
3255	95.91
3256	95.91
3257	95.91
3258	95.91
3259	95.91
3260	95.91
3261	95.91
3262	95.91
3263	95.91
3264	95.91
3265	95.91
3266	95.91
3267	95.91
3268	95.91
3269	95.91
3270	95.91
3271	95.91
3272	95.91
3273	95.91
3274	95.71
3275	95.91
3276	95.71
3277	95.71
3278	95.71
3279	95.71
3280	95.71
3281	95.71
3282	95.71
3283	95.71
3284	95.71
3285	95.71
3286	95.71
3287	95.71
3288	95.71
3289	95.71
3290	95.71
3291	95.71
3292	95.71
3293	95.71
3294	95.71
3295	95.71
3296	95.71
3297	95.71
3298	95.71
3299	95.71
3300	95.71
3301	95.71
3302	95.71
3303	95.71
3304	95.71
3305	95.71
3306	95.71
3307	95.71
3308	95.71
3309	95.71
3310	95.71
3311	95.71
3312	95.71
3313	95.71
3314	95.71
3315	95.71
3316	95.71
3317	95.71
3318	95.5
3319	95.5
3320	95.5
3321	95.5
3322	95.5
3323	95.5
3324	95.5
3325	95.5
3326	95.5
3327	95.5
3328	95.5
3329	95.5
3330	95.5
3331	95.5
3332	95.5
3333	95.5
3334	95.5
3335	95.5
3336	95.5
3337	95.5
3338	95.5
3339	95.5
3340	95.5
3341	95.5
3342	95.5
3343	95.5
3344	95.5
3345	95.5
3346	95.5
3347	95.5
3348	95.5
3349	95.5
3350	95.5
3351	95.5
3352	95.5
3353	95.5
3354	95.5
3355	95.5
3356	95.3
3357	95.3
3358	95.3
3359	95.3
3360	95.3
3361	95.3
3362	95.3
3363	95.3
3364	95.3
3365	95.3
3366	95.3
3367	95.3
3368	95.3
3369	95.3
3370	95.3
3371	95.3
3372	95.3
3373	95.3
3374	95.3
3375	95.3
3376	95.3
3377	95.3
3378	95.3
3379	95.3
3380	95.3
3381	95.3
3382	95.3
3383	95.3
3384	95.3
3385	95.3
3386	95.3
3387	95.3
3388	95.3
3389	95.3
3390	95.3
3391	95.3
3392	95.3
3393	95.3
3394	95.3
3395	95.3
3396	95.09
3397	95.09
3398	95.09
3399	95.09
3400	95.09
3401	95.09
3402	95.09
3403	95.09
3404	95.09
3405	95.09
3406	95.09
3407	95.09
3408	95.09
3409	95.09
3410	95.09
3411	95.09
3412	95.09
3413	95.09
3414	95.09
3415	95.09
3416	95.09
3417	95.09
3418	95.09
3419	95.09
3420	95.09
3421	95.09
3422	95.09
3423	95.09
3424	95.09
3425	95.09
3426	95.09
3427	95.09
3428	95.09
3429	95.09
3430	95.09
3431	95.09
3432	95.09
3433	94.89
3434	94.89
3435	94.89
3436	94.89
3437	94.89
3438	94.89
3439	94.89
3440	94.89
3441	94.89
3442	94.89
3443	94.89
3444	94.89
3445	94.89
3446	94.89
3447	94.89
3448	94.89
3449	94.89
3450	94.89
3451	94.89
3452	94.89
3453	94.89
3454	94.89
3455	94.89
3456	94.89
3457	94.89
3458	94.89
3459	94.89
3460	94.89
3461	94.89
3462	94.89
3463	94.89
3464	94.89
3465	94.89
3466	94.89
3467	94.89
3468	94.89
3469	94.89
3470	94.89
3471	94.89
3472	94.89
3473	94.69
3474	94.69
3475	94.69
3476	94.69
3477	94.69
3478	94.69
3479	94.69
3480	94.69
3481	94.69
3482	94.69
3483	94.69
